2527 2
1476857931.098805 0.000000
1476857932.144056 0.000000
1476857933.192345 -1.048283
1476857934.233959 -1.048283
1476857935.272327 -1.048283
1476857936.312200 -1.048283
1476857937.352750 -1.048283
1476857938.392446 -1.048283
1476857939.442632 -1.048283
1476857940.484683 -1.048283
1476857941.524066 -1.048283
1476857942.563800 -1.048283
1476857943.604153 -1.048283
1476857944.643512 -1.048283
1476857945.684304 -1.048283
1476857946.724863 -1.048283
1476857947.774699 -1.048283
1476857948.814352 -1.048283
1476857949.853898 -1.048283
1476857950.894561 -1.048283
1476857951.934277 -1.048283
1476857952.973713 -1.048283
1476857954.015683 -1.048283
1476857955.053752 -1.048283
1476857956.107473 -1.048283
1476857957.145203 -1.048283
1476857958.184484 -1.048285
1476857959.226120 -1.048285
1476857960.265084 -1.048287
1476857961.305400 -1.048302
1476857962.346060 -1.048302
1476857963.385801 -1.048353
1476857964.439645 -1.048383
1476857965.487029 -1.048383
1476857966.526438 -1.048465
1476857967.566893 -1.048503
1476857968.607361 -1.048503
1476857969.647012 -1.048580
1476857970.686871 -1.048580
1476857971.727204 -1.048598
1476857972.779642 -1.048575
1476857973.815851 -1.048575
1476857974.855153 -1.048575
1476857975.946879 -1.048447
1476857976.986171 -1.048447
1476857978.026927 -1.048400
1476857979.067227 -1.048285
1476857980.106036 -1.048285
1476857981.159567 -1.048162
1476857982.195668 -1.048100
1476857983.235709 -1.048100
1476857984.275475 -1.047990
1476857985.316282 -1.047932
1476857986.355599 -1.047932
1476857987.396189 -1.047808
1476857988.435821 -1.047737
1476857989.486389 -1.047737
1476857990.528329 -1.047585
1476857991.567442 -1.047507
1476857992.608010 -1.047507
1476857993.647888 -1.047338
1476857994.687196 -1.047338
1476857995.727913 -1.047270
1476857996.767496 -1.047100
1476857997.821979 -1.047100
1476857998.866874 -1.047100
1476857999.907177 -1.047003
1476858000.946979 -1.047003
1476858001.986383 -1.046995
1476858003.027176 -1.046997
1476858004.066546 -1.046997
1476858005.107151 -1.046998
1476858006.157340 -1.046998
1476858007.194698 -1.046998
1476858008.235119 -1.046998
1476858009.275513 -1.046998
1476858010.316935 -1.046998
1476858011.355604 -1.046998
1476858012.395444 -1.047000
1476858013.436128 -1.047000
1476858014.487282 -1.046977
1476858015.528379 -1.046977
1476858016.567944 -1.046943
1476858017.607302 -1.046860
1476858018.648231 -1.046860
1476858019.686601 -1.046805
1476858020.727257 -1.046598
1476858021.767103 -1.046598
1476858022.816565 -1.046598
1476858023.856395 -1.046348
1476858024.895732 -1.046348
1476858025.935135 -1.046260
1476858026.975737 -1.046077
1476858028.015452 -1.046077
1476858029.056058 -1.045893
1476858030.094733 -1.045792
1476858031.147566 -1.045792
1476858032.186057 -1.045593
1476858033.226289 -1.045515
1476858034.266949 -1.045515
1476858035.306540 -1.045410
1476858036.346284 -1.045377
1476858037.386883 -1.045377
1476858038.426323 -1.045298
1476858039.527358 -1.045298
1476858040.567232 -1.045257
1476858041.607365 -1.045183
1476858042.647793 -1.045183
1476858043.687512 -1.045150
1476858044.727879 -1.045060
1476858045.767529 -1.045060
1476858046.806888 -1.045060
1476858047.854727 -1.044930
1476858048.896506 -1.044930
1476858049.936679 -1.044867
1476858050.976391 -1.044730
1476858052.015924 -1.044730
1476858053.056606 -1.044585
1476858054.097144 -1.044505
1476858055.136621 -1.044505
1476858056.185086 -1.044342
1476858057.227266 -1.044260
1476858058.266563 -1.044260
1476858059.307180 -1.044072
1476858060.346829 -1.043975
1476858061.387411 -1.043975
1476858062.426854 -1.043787
1476858063.467454 -1.043687
1476858064.519621 -1.043687
1476858065.557082 -1.043488
1476858066.597719 -1.043488
1476858067.637174 -1.043383
1476858068.676798 -1.043173
1476858069.718164 -1.043173
1476858070.756837 -1.043068
1476858071.797507 -1.042760
1476858072.853043 -1.042760
1476858073.888767 -1.042760
1476858074.928170 -1.042457
1476858075.968758 -1.042457
1476858077.009318 -1.042355
1476858078.047936 -1.042145
1476858079.088315 -1.042145
1476858080.127802 -1.041932
1476858081.184354 -1.041820
1476858082.218218 -1.041820
1476858083.257652 -1.041583
1476858084.297222 -1.041462
1476858085.338128 -1.041462
1476858086.377611 -1.041227
1476858087.418302 -1.041107
1476858088.457628 -1.041107
1476858089.509544 -1.040867
1476858090.548280 -1.040747
1476858091.588516 -1.040747
1476858092.628167 -1.040523
1476858093.668470 -1.040523
1476858094.708294 -1.040418
1476858095.748923 -1.040210
1476858096.788598 -1.040210
1476858097.837448 -1.040105
1476858098.878202 -1.039798
1476858099.918564 -1.039798
1476858100.957688 -1.039692
1476858101.998257 -1.039473
1476858103.038240 -1.039473
1476858104.079289 -1.039245
1476858105.118063 -1.039132
1476858106.175471 -1.039132
1476858107.217849 -1.038908
1476858108.257892 -1.038798
1476858109.298472 -1.038798
1476858110.337963 -1.038587
1476858111.378714 -1.038477
1476858112.418084 -1.038477
1476858113.458733 -1.038238
1476858114.510990 -1.038110
1476858115.550260 -1.038110
1476858116.590432 -1.037850
1476858117.630161 -1.037850
1476858118.669655 -1.037715
1476858119.710386 -1.037445
1476858120.750832 -1.037445
1476858121.790674 -1.037313
1476858122.842227 -1.036925
1476858123.880152 -1.036925
1476858124.919115 -1.036798
1476858125.960122 -1.036555
1476858126.998724 -1.036555
1476858128.039128 -1.036437
1476858129.080752 -1.036212
1476858130.120333 -1.036212
1476858131.169995 -1.035992
1476858132.211595 -1.035885
1476858133.252248 -1.035885
1476858134.291638 -1.035680
1476858135.332357 -1.035597
1476858136.371901 -1.035597
1476858137.411298 -1.035455
1476858138.451858 -1.035380
1476858139.507885 -1.035380
1476858140.551548 -1.035212
1476858141.590801 -1.035212
1476858142.631220 -1.035118
1476858143.670888 -1.034920
1476858144.710513 -1.034920
1476858145.751028 -1.034812
1476858146.790693 -1.034443
1476858147.843057 -1.034443
1476858148.882206 -1.034443
1476858149.921503 -1.034032
1476858150.962148 -1.034032
1476858152.001328 -1.033743
1476858153.041353 -1.033593
1476858154.081714 -1.033593
1476858155.121547 -1.033283
1476858156.171039 -1.033123
1476858157.211023 -1.033123
1476858158.251137 -1.032797
1476858159.290851 -1.032635
1476858160.332470 -1.032635
1476858161.370839 -1.032312
1476858162.410690 -1.032145
1476858163.451450 -1.032145
1476858164.503643 -1.031800
1476858165.541928 -1.031622
1476858166.590982 -1.031622
1476858167.631797 -1.031272
1476858168.671133 -1.031272
1476858169.711704 -1.031098
1476858170.751447 -1.030748
1476858171.791198 -1.030748
1476858172.843842 -1.030572
1476858173.881423 -1.030045
1476858174.920938 -1.030045
1476858175.960273 -1.029870
1476858177.000772 -1.029515
1476858178.040315 -1.029515
1476858179.080824 -1.029158
1476858180.121794 -1.028985
1476858181.172762 -1.028985
1476858182.213055 -1.028677
1476858183.252290 -1.028538
1476858184.292052 -1.028538
1476858185.333449 -1.028290
1476858186.371038 -1.028167
1476858187.412707 -1.028167
1476858188.453035 -1.027947
1476858189.512962 -1.027837
1476858190.552546 -1.027837
1476858191.591883 -1.027640
1476858192.632404 -1.027640
1476858193.672055 -1.027538
1476858194.712611 -1.027325
1476858195.752283 -1.027325
1476858196.791844 -1.027217
1476858197.833933 -1.026857
1476858198.873442 -1.026857
1476858199.912422 -1.026857
1476858200.953100 -1.026472
1476858201.992672 -1.026472
1476858203.033185 -1.026348
1476858204.072936 -1.026092
1476858205.112466 -1.026092
1476858206.165887 -1.025813
1476858207.203158 -1.025662
1476858208.242337 -1.025662
1476858209.281999 -1.025337
1476858210.322412 -1.025163
1476858211.365587 -1.025163
1476858212.402660 -1.024805
1476858213.444246 -1.024633
1476858214.499959 -1.024633
1476858215.543675 -1.024320
1476858216.583026 -1.024320
1476858217.622543 -1.024190
1476858218.662130 -1.023958
1476858219.702636 -1.023958
1476858220.744189 -1.023845
1476858221.782801 -1.023510
1476858222.834993 -1.023510
1476858223.874222 -1.023510
1476858224.914734 -1.023145
1476858225.953272 -1.023145
1476858226.993639 -1.023010
1476858228.041607 -1.022722
1476858229.083412 -1.022722
1476858230.122516 -1.022413
1476858231.173417 -1.022245
1476858232.215142 -1.022245
1476858233.254426 -1.021883
1476858234.293810 -1.021698
1476858235.336024 -1.021698
1476858236.374051 -1.021323
1476858237.413888 -1.021138
1476858238.454288 -1.021138
1476858239.507518 -1.020770
1476858240.543861 -1.020770
1476858241.584185 -1.020587
1476858242.623770 -1.020222
1476858243.662609 -1.020222
1476858244.703795 -1.020037
1476858245.744472 -1.019475
1476858246.783522 -1.019475
1476858247.837866 -1.019475
1476858248.874819 -1.018923
1476858249.914097 -1.018923
1476858250.955439 -1.018743
1476858251.994126 -1.018388
1476858253.041213 -1.018388
1476858254.083467 -1.018040
1476858255.124103 -1.017868
1476858256.177649 -1.017868
1476858257.218208 -1.017527
1476858258.255774 -1.017362
1476858259.295331 -1.017362
1476858260.338745 -1.017037
1476858261.376543 -1.016877
1476858262.414915 -1.016877
1476858263.457374 -1.016557
1476858264.506429 -1.016398
1476858265.545865 -1.016398
1476858266.584335 -1.016082
1476858267.623753 -1.016082
1476858268.665544 -1.015925
1476858269.704039 -1.015613
1476858270.745769 -1.015613
1476858271.784058 -1.015458
1476858272.837413 -1.014990
1476858273.876023 -1.014990
1476858274.923950 -1.014840
1476858275.964753 -1.014575
1476858277.004366 -1.014575
1476858278.045563 -1.014472
1476858279.085225 -1.014352
1476858280.125924 -1.014352
1476858281.177327 -1.014290
1476858282.218453 -1.014238
1476858283.258587 -1.014238
1476858284.298164 -1.014075
1476858285.346609 -1.013965
1476858286.385478 -1.013965
1476858287.425087 -1.013742
1476858288.465728 -1.013633
1476858289.518249 -1.013633
1476858290.558182 -1.013467
1476858291.598457 -1.013467
1476858292.639056 -1.013417
1476858293.678479 -1.013395
1476858294.718303 -1.013395
1476858295.758584 -1.013407
1476858296.798353 -1.013323
1476858297.854833 -1.013323
1476858298.898793 -1.013323
1476858299.940123 -1.013053
1476858300.978822 -1.013053
1476858302.019191 -1.012950
1476858303.058877 -1.012737
1476858304.098709 -1.012737
1476858305.139222 -1.012522
1476858306.192198 -1.012415
1476858307.238645 -1.012415
1476858308.278159 -1.012207
1476858309.318861 -1.012100
1476858310.357019 -1.012100
1476858311.403824 -1.011883
1476858312.447250 -1.011768
1476858313.485799 -1.011768
1476858314.536164 -1.011522
1476858315.578418 -1.011392
1476858316.618412 -1.011392
1476858317.658266 -1.011142
1476858318.697819 -1.011142
1476858319.739428 -1.011022
1476858320.777917 -1.010685
1476858321.818770 -1.010685
1476858322.880066 -1.010685
1476858323.918041 -1.010392
1476858324.958492 -1.010392
1476858325.998135 -1.010327
1476858327.038699 -1.010222
1476858328.077971 -1.010222
1476858329.117563 -1.010103
1476858330.158232 -1.010042
1476858331.206547 -1.010042
1476858332.246846 -1.009908
1476858333.285999 -1.009842
1476858334.326790 -1.009842
1476858335.366263 -1.009697
1476858336.406653 -1.009623
1476858337.446382 -1.009623
1476858338.487243 -1.009502
1476858339.539645 -1.009458
1476858340.578409 -1.009458
1476858341.618705 -1.009377
1476858342.659331 -1.009377
1476858343.699037 -1.009340
1476858344.748913 -1.009270
1476858345.788119 -1.009270
1476858346.828612 -1.009240
1476858347.880194 -1.009165
1476858348.919207 -1.009165
1476858349.958481 -1.009140
1476858350.997952 -1.009080
1476858352.038551 -1.009080
1476858353.078076 -1.008995
1476858354.158675 -1.008935
1476858355.198826 -1.008935
1476858356.254566 -1.008775
1476858357.299568 -1.008678
1476858358.340763 -1.008678
1476858359.379343 -1.008465
1476858360.417993 -1.008358
1476858361.458651 -1.008358
1476858362.499220 -1.008148
1476858363.539827 -1.008048
1476858364.588349 -1.008048
1476858365.627363 -1.007857
1476858366.667656 -1.007857
1476858367.707350 -1.007780
1476858368.748832 -1.007690
1476858369.787739 -1.007690
1476858370.829074 -1.007653
1476858371.868565 -1.007505
1476858372.919549 -1.007505
1476858373.960054 -1.007438
1476858374.999733 -1.007290
1476858376.040023 -1.007290
1476858377.078474 -1.007210
1476858378.120479 -1.007050
1476858379.159629 -1.007050
1476858380.199107 -1.006887
1476858381.251414 -1.006808
1476858382.288798 -1.006808
1476858383.328330 -1.006665
1476858384.368683 -1.006602
1476858385.408237 -1.006602
1476858386.448880 -1.006493
1476858387.488372 -1.006432
1476858388.528879 -1.006432
1476858389.580010 -1.006270
1476858390.621302 -1.006270
1476858391.661788 -1.006168
1476858392.700673 -1.005958
1476858393.743054 -1.005958
1476858394.779590 -1.005852
1476858395.821587 -1.005487
1476858396.861928 -1.005487
1476858397.911349 -1.005487
1476858398.951318 -1.005098
1476858399.989710 -1.005098
1476858401.029480 -1.004970
1476858402.069039 -1.004710
1476858403.112713 -1.004710
1476858404.149147 -1.004447
1476858405.188843 -1.004312
1476858406.238886 -1.004312
1476858407.279815 -1.004043
1476858408.329100 -1.003912
1476858409.369997 -1.003912
1476858410.409267 -1.003652
1476858411.452564 -1.003525
1476858412.490697 -1.003525
1476858413.531346 -1.003292
1476858414.580390 -1.003185
1476858415.623015 -1.003185
1476858416.662167 -1.002992
1476858417.702887 -1.002992
1476858418.742880 -1.002898
1476858419.781529 -1.002638
1476858420.822390 -1.002638
1476858421.862974 -1.002638
1476858422.915549 -1.002527
1476858423.950192 -1.002527
1476858424.989534 -1.002513
1476858426.030344 -1.002490
1476858427.070015 -1.002490
1476858428.110404 -1.002482
1476858429.153251 -1.002500
1476858430.190730 -1.002500
1476858431.241160 -1.002562
1476858432.281827 -1.002608
1476858433.321345 -1.002608
1476858434.362194 -1.002740
1476858435.401694 -1.002807
1476858436.441967 -1.002807
1476858437.481653 -1.002918
1476858438.522902 -1.002982
1476858439.572469 -1.002982
1476858440.610732 -1.003102
1476858441.650015 -1.003102
1476858442.690499 -1.003167
1476858443.730213 -1.003320
1476858444.771041 -1.003320
1476858445.810371 -1.003407
1476858446.850939 -1.003682
1476858447.902257 -1.003682
1476858448.943567 -1.003778
1476858449.982803 -1.003993
1476858451.023187 -1.003993
1476858452.062846 -1.004110
1476858453.102195 -1.004358
1476858454.142875 -1.004358
1476858455.182312 -1.004615
1476858456.232428 -1.004738
1476858457.271758 -1.004738
1476858458.310983 -1.004982
1476858459.351694 -1.005097
1476858460.391294 -1.005097
1476858461.431845 -1.005317
1476858462.472469 -1.005420
1476858463.510923 -1.005420
1476858464.560877 -1.005623
1476858465.602709 -1.005623
1476858466.641784 -1.005715
1476858467.680307 -1.005867
1476858468.722823 -1.005867
1476858469.761489 -1.005920
1476858470.801296 -1.005955
1476858471.841738 -1.005955
1476858472.891268 -1.005955
1476858473.932284 -1.005858
1476858474.972076 -1.005858
1476858476.011114 -1.005822
1476858477.051627 -1.005668
1476858478.090272 -1.005668
1476858479.131952 -1.005513
1476858480.231517 -1.005443
1476858481.280654 -1.005443
1476858482.323053 -1.005312
1476858483.362292 -1.005238
1476858484.401855 -1.005238
1476858485.442312 -1.005098
1476858486.482278 -1.005030
1476858487.522510 -1.005030
1476858488.562144 -1.004913
1476858489.616275 -1.004913
1476858490.651957 -1.004857
1476858491.691862 -1.004767
1476858492.731525 -1.004767
1476858493.771921 -1.004730
1476858494.812532 -1.004652
1476858495.852549 -1.004652
1476858496.892872 -1.004652
1476858497.943324 -1.004593
1476858498.983397 -1.004593
1476858500.023556 -1.004573
1476858501.064249 -1.004553
1476858502.103897 -1.004553
1476858503.143209 -1.004547
1476858504.184108 -1.004547
1476858505.223525 -1.004547
1476858506.274739 -1.004547
1476858507.312933 -1.004547
1476858508.353044 -1.004547
1476858509.391735 -1.004548
1476858510.432210 -1.004548
1476858511.472743 -1.004548
1476858512.512366 -1.004550
1476858513.553212 -1.004550
1476858514.603222 -1.004550
1476858515.643784 -1.004550
1476858516.683879 -1.004550
1476858517.722298 -1.004550
1476858518.763944 -1.004550
1476858519.803827 -1.004550
1476858520.845561 -1.004550
1476858762.557353 0.000000
1476858763.599909 0.000000
1476858764.639141 -1.004550
1476858765.679672 -1.004550
1476858766.719128 -1.004550
1476858767.759812 -1.004550
1476858768.799587 -1.004550
1476858769.839878 -1.004550
1476858770.891832 -1.004550
1476858771.929788 -1.004550
1476858772.968790 -1.004550
1476858774.009341 -1.004550
1476858775.048968 -1.004550
1476858776.089398 -1.004550
1476858777.129103 -1.004550
1476858778.169562 -1.004550
1476858779.217940 -1.004550
1476858780.261290 -1.004550
1476858781.300299 -1.004550
1476858782.340995 -1.004550
1476858783.380486 -1.004550
1476858784.420043 -1.004550
1476858785.459989 -1.004550
1476858786.500158 -1.004550
1476858787.552214 -1.004550
1476858788.589923 -1.004557
1476858789.630035 -1.004557
1476858790.669665 -1.004557
1476858791.709193 -1.004557
1476858792.751815 -1.004557
1476858793.789518 -1.004557
1476858794.830032 -1.004557
1476858795.879874 -1.004557
1476858796.920471 -1.004557
1476858797.960865 -1.004572
1476858799.000232 -1.004572
1476858800.039762 -1.004637
1476858801.085684 -1.004680
1476858802.121987 -1.004680
1476858803.160356 -1.004753
1476858804.213096 -1.004787
1476858805.250762 -1.004787
1476858806.290197 -1.004855
1476858807.330638 -1.004902
1476858808.370312 -1.004902
1476858809.410058 -1.004998
1476858810.450864 -1.005053
1476858811.490366 -1.005053
1476858812.542340 -1.005178
1476858813.582788 -1.005252
1476858814.622177 -1.005252
1476858815.662820 -1.005398
1476858816.702533 -1.005398
1476858817.744070 -1.005483
1476858818.782508 -1.005697
1476858819.823073 -1.005697
1476858820.874138 -1.005697
1476858821.910378 -1.005867
1476858822.951718 -1.005867
1476858823.990241 -1.005915
1476858825.030743 -1.005958
1476858826.070463 -1.005958
1476858827.111308 -1.005922
1476858828.151826 -1.005888
1476858829.201828 -1.005888
1476858830.243166 -1.005792
1476858831.283085 -1.005735
1476858832.324325 -1.005735
1476858833.363033 -1.005602
1476858834.403283 -1.005522
1476858835.444040 -1.005522
1476858836.483459 -1.005347
1476858837.535688 -1.005257
1476858838.572949 -1.005257
1476858839.612038 -1.005073
1476858840.652640 -1.005073
1476858841.691312 -1.004985
1476858842.731901 -1.004692
1476858843.772549 -1.004692
1476858844.811810 -1.004692
1476858845.864811 -1.004370
1476858846.905508 -1.004370
1476858847.945644 -1.004265
1476858848.985402 -1.004055
1476858850.024111 -1.004055
1476858851.064822 -1.003857
1476858852.105116 -1.003768
1476858853.145611 -1.003768
1476858854.196593 -1.003630
1476858855.232314 -1.003587
1476858856.272401 -1.003587
1476858857.311959 -1.003528
1476858858.352459 -1.003515
1476858859.392084 -1.003515
1476858860.434874 -1.003492
1476858861.471218 -1.003473
1476858862.522715 -1.003473
1476858863.563764 -1.003398
1476858864.602995 -1.003398
1476858865.644636 -1.003348
1476858866.682074 -1.003235
1476858867.723652 -1.003235
1476858868.763466 -1.003175
1476858869.802974 -1.003040
1476858870.860605 -1.003040
1476858871.903407 -1.003018
1476858872.944869 -1.003002
1476858873.983317 -1.003002
1476858875.023699 -1.002997
1476858876.063506 -1.002995
1476858877.103927 -1.002995
1476858878.145520 -1.002987
1476858879.196952 -1.002980
1476858880.234094 -1.002980
1476858881.272237 -1.002963
1476858882.312776 -1.002957
1476858883.353508 -1.002957
1476858884.393159 -1.002948
1476858885.432662 -1.002970
1476858886.473012 -1.002970
1476858887.524783 -1.003063
1476858888.564458 -1.003133
1476858889.603699 -1.003133
1476858890.644266 -1.003313
1476858891.682735 -1.003313
1476858892.723356 -1.003415
1476858893.763936 -1.003737
1476858894.803665 -1.003737
1476858895.855391 -1.003737
1476858896.895742 -1.004093
1476858897.933348 -1.004093
1476858898.973569 -1.004217
1476858900.015449 -1.004450
1476858901.056045 -1.004450
1476858902.093304 -1.004678
1476858903.134016 -1.004795
1476858904.191201 -1.004795
1476858905.235449 -1.005027
1476858906.274810 -1.005143
1476858907.315274 -1.005143
1476858908.354777 -1.005373
1476858909.394546 -1.005490
1476858910.433833 -1.005490
1476858911.473544 -1.005723
1476858912.527034 -1.005843
1476858913.565108 -1.005843
1476858914.605387 -1.006082
1476858915.645920 -1.006082
1476858916.685336 -1.006198
1476858917.725002 -1.006432
1476858918.764851 -1.006432
1476858919.805256 -1.006548
1476858920.855814 -1.006865
1476858921.895088 -1.006865
1476858922.935340 -1.006958
1476858923.974826 -1.007123
1476858925.015417 -1.007123
1476858926.061448 -1.007220
1476858927.105390 -1.007275
1476858928.146279 -1.007275
1476858929.199272 -1.007417
1476858930.235653 -1.007498
1476858931.275784 -1.007498
1476858932.315166 -1.007632
1476858933.356028 -1.007672
1476858934.395251 -1.007672
1476858935.435981 -1.007742
1476858936.476650 -1.007802
1476858937.529449 -1.007802
1476858938.566419 -1.007967
1476858939.606427 -1.007967
1476858940.646091 -1.008053
1476858941.685318 -1.008232
1476858942.726220 -1.008232
1476858943.765775 -1.008323
1476858944.806295 -1.008583
1476858945.859969 -1.008583
1476858946.895641 -1.008660
1476858947.935969 -1.008790
1476858948.975659 -1.008790
1476858950.016084 -1.008843
1476858951.055685 -1.008930
1476858952.096265 -1.008930
1476858953.136634 -1.008965
1476858954.187598 -1.008972
1476858955.228224 -1.008972
1476858956.267512 -1.008978
1476858957.307903 -1.008983
1476858958.348584 -1.008983
1476858959.393483 -1.009000
1476858960.437604 -1.009018
1476858961.476414 -1.009018
1476858962.526332 -1.009055
1476858963.567609 -1.009082
1476858964.608143 -1.009082
1476858965.648718 -1.009160
1476858966.688215 -1.009160
1476858967.727641 -1.009205
1476858968.768193 -1.009362
1476858969.808140 -1.009362
1476858970.862977 -1.009362
1476858971.908726 -1.009578
1476858972.949814 -1.009578
1476858973.988207 -1.009655
1476858975.029225 -1.009778
1476858976.077073 -1.009778
1476858977.117931 -1.009885
1476858978.159591 -1.009950
1476858979.210225 -1.009950
1476858980.249117 -1.010100
1476858981.289219 -1.010178
1476858982.327963 -1.010178
1476858983.368295 -1.010342
1476858984.417917 -1.010435
1476858985.459851 -1.010435
1476858986.499338 -1.010647
1476858987.551707 -1.010758
1476858988.589695 -1.010758
1476858989.628858 -1.010977
1476858990.668561 -1.010977
1476858991.709029 -1.011083
1476858992.750691 -1.011403
1476858993.788384 -1.011403
1476858994.828789 -1.011403
1476858995.879356 -1.011713
1476858996.919498 -1.011713
1476858997.959759 -1.011812
1476858998.999213 -1.011995
1476859000.039885 -1.011995
1476859001.078382 -1.012147
1476859002.118692 -1.012218
1476859003.159331 -1.012218
1476859004.209481 -1.012370
1476859005.248910 -1.012457
1476859006.288092 -1.012457
1476859007.328545 -1.012647
1476859008.367276 -1.012740
1476859009.408679 -1.012740
1476859010.449229 -1.012912
1476859011.488738 -1.012980
1476859012.539381 -1.012980
1476859013.579288 -1.013087
1476859014.618440 -1.013087
1476859015.657948 -1.013127
1476859016.698515 -1.013187
1476859017.739210 -1.013187
1476859018.778834 -1.013212
1476859019.817352 -1.013227
1476859020.873023 -1.013227
1476859021.909044 -1.013243
1476859022.950476 -1.013310
1476859023.988974 -1.013310
1476859025.029405 -1.013352
1476859026.067765 -1.013433
1476859027.108740 -1.013433
1476859028.150037 -1.013485
1476859029.198715 -1.013485
1476859030.239899 -1.013485
1476859031.277896 -1.013445
1476859032.318497 -1.013420
1476859033.358910 -1.013420
1476859034.398639 -1.013420
1476859035.439322 -1.013453
1476859036.478685 -1.013453
1476859037.533926 -1.013575
1476859038.569263 -1.013667
1476859039.609428 -1.013667
1476859040.649299 -1.013882
1476859041.688748 -1.013882
1476859042.729536 -1.014002
1476859043.768956 -1.014308
1476859044.809724 -1.014308
1476859045.866864 -1.014308
1476859046.909969 -1.014637
1476859047.960251 -1.014637
1476859048.998713 -1.014742
1476859050.038497 -1.014977
1476859051.080141 -1.014977
1476859052.119506 -1.015238
1476859053.159177 -1.015373
1476859054.208898 -1.015373
1476859055.249732 -1.015652
1476859056.290174 -1.015792
1476859057.329614 -1.015792
1476859058.368935 -1.016068
1476859059.410501 -1.016207
1476859060.449311 -1.016207
1476859061.490786 -1.016492
1476859062.540929 -1.016638
1476859063.579392 -1.016638
1476859064.619506 -1.016938
1476859065.660050 -1.016938
1476859066.699400 -1.017092
1476859067.740206 -1.017580
1476859068.779110 -1.017580
1476859069.819397 -1.017580
1476859070.869372 -1.018100
1476859071.911208 -1.018100
1476859072.951393 -1.018282
1476859073.991139 -1.018647
1476859075.030530 -1.018647
1476859076.069942 -1.019013
1476859077.109507 -1.019195
1476859078.151209 -1.019195
1476859079.200078 -1.019558
1476859080.240766 -1.019738
1476859081.279984 -1.019738
1476859082.320630 -1.020100
1476859083.360117 -1.020282
1476859084.405650 -1.020282
1476859085.440229 -1.020648
1476859086.478743 -1.020832
1476859087.531632 -1.020832
1476859088.570397 -1.021208
1476859089.610661 -1.021208
1476859090.660068 -1.021398
1476859091.699696 -1.021772
1476859092.740276 -1.021772
1476859093.779749 -1.021953
1476859094.820381 -1.022488
1476859095.870093 -1.022488
1476859096.911880 -1.022653
1476859097.952187 -1.022942
1476859098.991654 -1.022942
1476859100.032269 -1.023212
1476859101.078237 -1.023340
1476859102.120495 -1.023340
1476859103.160107 -1.023578
1476859104.212896 -1.023695
1476859105.251510 -1.023695
1476859106.291103 -1.023922
1476859107.332294 -1.024032
1476859108.370867 -1.024032
1476859109.412552 -1.024247
1476859110.501022 -1.024363
1476859111.540950 -1.024363
1476859112.594329 -1.024635
1476859113.632103 -1.024635
1476859114.673254 -1.024787
1476859115.711037 -1.025105
1476859116.754474 -1.025105
1476859117.792254 -1.025267
1476859118.832845 -1.025717
1476859119.873513 -1.025717
1476859120.922149 -1.025857
1476859121.960955 -1.026128
1476859123.002276 -1.026128
1476859124.041904 -1.026380
1476859125.081360 -1.026505
1476859126.127385 -1.026505
1476859127.160269 -1.026760
1476859128.201796 -1.026888
1476859129.250879 -1.026888
1476859130.293480 -1.027123
1476859131.331567 -1.027228
1476859132.373387 -1.027228
1476859133.413701 -1.027402
1476859134.454521 -1.027473
1476859135.493343 -1.027473
1476859136.532354 -1.027585
1476859137.589197 -1.027633
1476859138.633708 -1.027633
1476859139.683101 -1.027692
1476859140.733907 -1.027692
1476859141.773364 -1.027712
1476859142.813860 -1.027910
1476859143.855709 -1.027910
1476859144.893272 -1.028007
1476859145.944619 -1.028165
1476859146.983824 -1.028165
1476859148.022951 -1.028225
1476859149.063753 -1.028350
1476859150.102904 -1.028350
1476859151.156755 -1.028483
1476859152.195307 -1.028550
1476859153.235545 -1.028550
1476859154.286893 -1.028663
1476859155.324309 -1.028715
1476859156.363437 -1.028715
1476859157.402923 -1.028802
1476859158.442490 -1.028833
1476859159.484034 -1.028833
1476859160.523237 -1.028877
1476859161.562215 -1.028887
1476859162.615839 -1.028887
1476859163.655820 -1.028882
1476859164.695168 -1.028882
1476859165.734774 -1.028863
1476859166.774187 -1.028795
1476859167.814941 -1.028795
1476859168.854162 -1.028795
1476859169.894750 -1.028770
1476859170.947862 -1.028770
1476859171.983686 -1.028780
1476859173.023492 -1.028828
1476859174.063640 -1.028828
1476859175.114775 -1.028918
1476859176.155344 -1.028977
1476859177.195061 -1.028977
1476859178.235518 -1.029148
1476859179.289445 -1.029245
1476859180.324251 -1.029245
1476859181.364112 -1.029438
1476859182.404710 -1.029535
1476859183.443364 -1.029535
1476859184.483719 -1.029723
1476859185.524696 -1.029817
1476859186.563755 -1.029817
1476859187.613197 -1.030007
1476859188.654626 -1.030007
1476859189.694573 -1.030102
1476859190.734285 -1.030293
1476859191.774863 -1.030293
1476859192.814393 -1.030395
1476859193.854138 -1.030693
1476859194.894685 -1.030693
1476859195.944069 -1.030792
1476859196.984217 -1.030985
1476859198.023286 -1.030985
1476859199.063975 -1.031185
1476859200.104305 -1.031285
1476859201.144878 -1.031285
1476859202.186436 -1.031468
1476859203.225007 -1.031538
1476859204.276367 -1.031538
1476859205.315495 -1.031623
1476859206.356046 -1.031640
1476859207.395305 -1.031640
1476859208.435166 -1.031618
1476859209.475568 -1.031572
1476859210.514950 -1.031572
1476859211.555561 -1.031427
1476859212.605369 -1.031327
1476859213.644880 -1.031327
1476859214.685623 -1.031077
1476859215.725239 -1.031077
1476859216.764627 -1.030935
1476859217.805015 -1.030358
1476859218.844693 -1.030358
1476859219.884900 -1.030358
1476859220.943064 -1.029663
1476859221.985863 -1.029663
1476859223.025922 -1.029418
1476859224.065572 -1.028928
1476859225.104949 -1.028928
1476859226.145462 -1.028475
1476859227.184142 -1.028263
1476859228.224791 -1.028263
1476859229.277607 -1.027872
1476859230.316584 -1.027693
1476859231.356486 -1.027693
1476859232.395260 -1.027380
1476859233.436594 -1.027248
1476859234.476248 -1.027248
1476859235.517084 -1.027022
1476859236.557396 -1.026932
1476859237.607173 -1.026932
1476859238.646833 -1.026798
1476859239.686072 -1.026798
1476859240.726722 -1.026755
1476859241.766315 -1.026690
1476859242.806158 -1.026690
1476859243.846314 -1.026690
1476859244.885961 -1.026652
1476859245.938897 -1.026652
1476859246.976620 -1.026630
1476859248.015840 -1.026565
1476859249.056634 -1.026565
1476859250.095893 -1.026460
1476859251.136676 -1.026392
1476859252.175974 -1.026392
1476859253.216648 -1.026240
1476859254.276908 -1.026152
1476859255.316982 -1.026152
1476859256.366418 -1.025940
1476859257.406862 -1.025823
1476859258.445487 -1.025823
1476859259.485961 -1.025580
1476859260.525646 -1.025457
1476859261.566229 -1.025457
1476859262.617184 -1.025222
1476859263.656638 -1.025222
1476859264.697074 -1.025112
1476859265.736902 -1.024912
1476859266.786221 -1.024912
1476859267.826627 -1.024820
1476859268.866290 -1.024577
1476859269.906945 -1.024577
1476859270.958283 -1.024508
1476859271.998558 -1.024397
1476859273.039719 -1.024397
1476859274.079419 -1.024315
1476859275.119767 -1.024280
1476859276.159168 -1.024280
1476859277.199742 -1.024227
1476859278.240536 -1.024210
1476859279.296878 -1.024210
1476859280.337884 -1.024202
1476859281.377479 -1.024210
1476859282.429025 -1.024210
1476859283.469361 -1.024243
1476859284.508874 -1.024268
1476859285.548562 -1.024268
1476859286.589104 -1.024342
1476859287.649567 -1.024342
1476859288.686683 -1.024383
1476859289.727045 -1.024473
1476859290.767346 -1.024473
1476859291.807028 -1.024520
1476859292.852999 -1.024657
1476859293.888412 -1.024657
1476859294.927709 -1.024697
1476859295.992133 -1.024763
1476859297.028371 -1.024763
1476859298.067801 -1.024800
1476859299.109116 -1.024808
1476859300.149856 -1.024808
1476859301.187335 -1.024808
1476859302.229948 -1.024797
1476859303.267211 -1.024797
1476859304.320991 -1.024748
1476859305.360777 -1.024717
1476859306.400243 -1.024717
1476859307.440576 -1.024645
1476859308.488053 -1.024592
1476859309.528871 -1.024592
1476859310.569447 -1.024480
1476859311.609726 -1.024407
1476859312.660154 -1.024407
1476859313.700563 -1.024230
1476859314.739677 -1.024230
1476859315.789205 -1.024133
1476859316.829738 -1.023817
1476859317.877773 -1.023817
1476859318.921109 -1.023702
1476859319.960634 -1.023450
1476859321.025536 -1.023450
1476859322.069985 -1.023173
1476859323.109106 -1.023028
1476859324.149950 -1.023028
1476859325.190394 -1.022717
1476859326.230180 -1.022555
1476859327.269572 -1.022555
1476859328.310013 -1.022220
1476859329.361934 -1.022048
1476859330.399818 -1.022048
1476859331.441145 -1.021693
1476859332.480457 -1.021513
1476859333.519940 -1.021513
1476859334.560474 -1.021140
1476859335.601054 -1.020952
1476859336.640816 -1.020952
1476859337.692460 -1.020567
1476859338.731198 -1.020567
1476859339.769412 -1.020368
1476859340.810168 -1.019748
1476859341.850780 -1.019748
1476859342.897376 -1.019748
1476859343.940994 -1.019098
1476859344.980414 -1.019098
1476859346.033034 -1.018873
1476859347.069665 -1.018412
1476859348.110024 -1.018412
1476859349.149533 -1.017942
1476859350.190184 -1.017703
1476859351.230739 -1.017703
1476859352.270134 -1.017218
1476859353.309893 -1.016970
1476859354.361319 -1.016970
1476859355.401358 -1.016467
1476859356.440366 -1.016213
1476859357.480936 -1.016213
1476859358.521785 -1.015697
1476859359.571185 -1.015433
1476859360.611855 -1.015433
1476859361.651530 -1.014895
1476859362.713056 -1.014895
1476859363.749861 -1.014618
1476859364.790310 -1.013773
1476859365.829868 -1.013773
1476859366.870603 -1.013773
1476859367.916048 -1.012922
1476859368.961609 -1.012922
1476859370.001844 -1.012635
1476859371.054527 -1.012055
1476859372.091545 -1.012055
1476859373.129888 -1.011462
1476859374.170577 -1.011158
1476859375.210030 -1.011158
1476859376.252531 -1.010550
1476859377.290151 -1.010243
1476859378.330620 -1.010243
1476859379.382609 -1.009623
1476859380.422197 -1.009313
1476859381.460613 -1.009313
1476859382.502086 -1.008688
1476859383.541961 -1.008372
1476859384.582034 -1.008372
1476859385.621984 -1.007735
1476859386.661260 -1.007735
1476859387.711435 -1.007412
1476859388.751817 -1.006450
1476859389.791229 -1.006450
1476859390.830709 -1.006450
1476859391.871313 -1.005475
1476859392.917805 -1.005475
1476859393.962210 -1.005147
1476859395.002735 -1.004490
1476859396.052216 -1.004490
1476859397.091344 -1.003825
1476859398.131415 -1.003492
1476859399.171120 -1.003492
1476859400.211565 -1.002827
1476859401.251057 -1.002492
1476859402.291920 -1.002492
1476859403.331562 -1.001822
1476859404.383310 -1.001485
1476859405.422916 -1.001485
1476859406.463066 -1.000813
1476859407.502738 -1.000477
1476859408.540937 -1.000477
1476859409.588032 -0.999803
1476859410.631469 -0.999803
1476859411.670808 -0.999465
1476859412.722034 -0.998788
1476859413.763311 -0.998788
1476859414.803923 -0.998452
1476859415.843347 -0.997438
1476859416.883874 -0.997438
1476859417.928730 -0.997100
1476859418.972945 -0.996423
1476859420.012522 -0.996423
1476859421.066316 -0.996085
1476859422.103137 -0.995407
1476859423.143216 -0.995407
1476859424.182681 -0.994728
1476859425.222171 -0.994392
1476859426.271712 -0.994392
1476859427.312544 -0.993722
1476859428.351884 -0.993388
1476859429.402022 -0.993388
1476859430.443490 -0.992722
1476859431.482838 -0.992392
1476859432.523509 -0.992392
1476859433.562997 -0.991732
1476859434.609611 -0.991403
1476859435.652948 -0.991403
1476859436.691968 -0.990750
1476859437.743579 -0.990750
1476859438.783310 -0.990425
1476859439.823426 -0.989450
1476859440.862113 -0.989450
1476859441.903629 -0.989128
1476859442.949138 -0.988495
1476859443.993911 -0.988495
1476859445.032601 -0.988182
1476859446.094531 -0.987558
1476859447.132852 -0.987558
1476859448.173137 -0.986937
1476859449.213917 -0.986630
1476859450.253259 -0.986630
1476859451.293021 -0.986013
1476859452.333377 -0.985707
1476859453.374190 -0.985707
1476859454.428874 -0.985097
1476859455.464579 -0.984792
1476859456.504795 -0.984792
1476859457.545339 -0.984180
1476859458.583910 -0.983875
1476859459.625867 -0.983875
1476859460.664993 -0.983267
1476859461.705500 -0.983267
1476859462.756201 -0.982962
1476859463.794883 -0.982047
1476859464.834329 -0.982047
1476859465.874612 -0.982047
1476859466.914512 -0.981130
1476859467.960680 -0.981130
1476859469.007555 -0.980820
1476859470.047089 -0.980202
1476859471.099606 -0.980202
1476859472.133663 -0.979578
1476859473.173637 -0.979262
1476859474.215299 -0.979262
1476859475.254215 -0.978622
1476859476.294577 -0.978300
1476859477.334134 -0.978300
1476859478.373785 -0.977648
1476859479.426917 -0.977323
1476859480.466340 -0.977323
1476859481.506570 -0.976670
1476859482.546095 -0.976340
1476859483.585616 -0.976340
1476859484.634538 -0.975678
1476859485.673940 -0.975678
1476859486.714311 -0.975345
1476859487.765846 -0.974342
1476859488.807016 -0.974342
1476859489.853955 -0.974342
1476859490.894568 -0.973333
1476859491.934435 -0.973333
1476859492.982341 -0.972993
1476859494.025758 -0.972322
1476859495.066134 -0.972322
1476859496.119312 -0.971642
1476859497.155468 -0.971302
1476859498.194814 -0.971302
1476859499.234313 -0.970622
1476859500.275087 -0.970280
1476859501.314517 -0.970280
1476859502.355216 -0.969600
1476859503.393580 -0.969262
1476859504.444800 -0.969262
1476859505.486441 -0.968587
1476859506.526346 -0.968250
1476859507.565986 -0.968250
1476859508.606535 -0.967578
1476859509.645299 -0.967578
1476859510.686732 -0.967243
1476859511.726573 -0.966575
1476859512.784624 -0.966575
1476859513.825736 -0.966242
1476859514.866081 -0.965240
1476859515.905774 -0.965240
1476859516.945120 -0.964908
1476859517.991962 -0.964243
1476859519.035624 -0.964243
1476859520.076226 -0.963575
1476859521.128195 -0.963240
1476859522.166452 -0.963240
1476859523.207206 -0.962567
1476859524.247360 -0.962228
1476859525.287187 -0.962228
1476859526.327346 -0.961565
1476859527.368195 -0.961228
1476859528.407732 -0.961228
1476859529.458704 -0.960553
1476859530.496091 -0.960217
1476859531.536374 -0.960217
1476859532.586984 -0.959545
1476859533.626649 -0.959545
1476859534.677065 -0.959205
1476859535.716617 -0.958525
1476859536.757381 -0.958525
1476859537.810872 -0.958187
1476859538.848046 -0.957168
1476859539.888281 -0.957168
1476859540.926527 -0.956828
1476859541.968413 -0.956148
1476859543.014375 -0.956148
1476859544.056220 -0.955473
1476859545.097752 -0.955133
1476859546.149166 -0.955133
1476859547.187530 -0.954457
1476859548.226576 -0.954120
1476859549.267132 -0.954120
1476859550.308083 -0.953445
1476859551.416285 -0.953107
1476859552.456874 -0.953107
1476859553.497585 -0.952430
1476859554.549368 -0.952092
1476859555.588047 -0.952092
1476859556.627242 -0.951413
1476859557.667791 -0.951413
1476859558.707487 -0.951073
1476859559.748522 -0.950393
1476859560.787755 -0.950393
1476859561.827353 -0.950053
1476859562.882027 -0.949040
1476859563.917947 -0.949040
1476859564.958326 -0.948707
1476859565.998019 -0.948038
1476859567.037591 -0.948038
1476859568.081240 -0.947377
1476859569.118500 -0.947052
1476859570.157254 -0.947052
1476859571.208837 -0.946398
1476859572.248604 -0.946073
1476859573.288565 -0.946073
1476859574.328219 -0.945418
1476859575.368881 -0.945093
1476859576.408348 -0.945093
1476859577.449021 -0.944447
1476859578.489610 -0.944125
1476859579.538659 -0.944125
1476859580.578208 -0.943490
1476859581.617274 -0.943490
1476859582.657842 -0.943177
1476859583.697344 -0.942552
1476859584.738367 -0.942552
1476859585.777496 -0.942240
1476859586.818073 -0.941317
1476859587.868008 -0.941317
1476859588.908794 -0.941012
1476859589.947819 -0.940400
1476859590.988561 -0.940400
1476859592.028804 -0.940093
1476859593.073081 -0.939483
1476859594.109291 -0.939483
1476859595.149580 -0.938870
1476859596.206017 -0.938567
1476859597.239077 -0.938567
1476859598.279289 -0.937950
1476859599.318895 -0.937642
1476859600.358569 -0.937642
1476859601.400230 -0.937020
1476859602.439824 -0.936707
1476859603.478201 -0.936707
1476859604.530971 -0.936078
1476859605.570701 -0.935760
1476859606.610869 -0.935760
1476859607.651458 -0.935117
1476859608.691204 -0.935117
1476859609.729827 -0.934793
1476859610.770902 -0.933820
1476859611.810962 -0.933820
1476859612.860725 -0.933820
1476859613.903368 -0.932832
1476859614.938842 -0.932832
1476859615.991113 -0.932495
1476859617.030715 -0.931828
1476859618.076003 -0.931828
1476859619.120131 -0.931157
1476859620.159471 -0.930820
1476859621.212322 -0.930820
1476859622.252749 -0.930148
1476859623.291179 -0.929813
1476859624.331530 -0.929813
1476859625.371173 -0.929142
1476859626.411735 -0.928805
1476859627.451232 -0.928805
1476859628.491917 -0.928128
1476859629.542597 -0.927790
1476859630.580469 -0.927790
1476859631.621794 -0.927113
1476859632.661332 -0.927113
1476859633.701677 -0.926777
1476859634.740586 -0.926113
1476859635.779881 -0.926113
1476859636.820903 -0.925788
1476859637.875751 -0.924815
1476859638.921504 -0.924815
1476859639.961305 -0.924492
1476859641.001277 -0.923833
1476859642.040660 -0.923833
1476859643.085731 -0.923160
1476859644.120655 -0.922822
1476859645.161643 -0.922822
1476859646.210185 -0.922140
1476859647.252173 -0.921798
1476859648.291118 -0.921798
1476859649.331756 -0.921108
1476859650.371135 -0.920760
1476859651.411678 -0.920760
1476859652.451402 -0.920067
1476859653.491910 -0.919718
1476859654.541524 -0.919718
1476859655.581455 -0.919025
1476859656.620580 -0.919025
1476859657.661362 -0.918683
1476859658.700846 -0.917997
1476859659.743402 -0.917997
1476859660.781320 -0.917652
1476859661.819542 -0.916637
1476859662.882532 -0.916637
1476859663.923147 -0.916305
1476859664.960461 -0.915642
1476859666.001168 -0.915642
1476859667.041502 -0.915310
1476859668.086831 -0.914657
1476859669.121619 -0.914657
1476859670.161267 -0.914005
1476859671.213031 -0.913685
1476859672.252727 -0.913685
1476859673.292024 -0.913052
1476859674.331749 -0.912740
1476859675.372068 -0.912740
1476859676.411733 -0.912128
1476859677.452173 -0.911828
1476859678.492035 -0.911828
1476859679.542804 -0.911228
1476859680.581454 -0.910935
1476859681.621555 -0.910935
1476859682.661026 -0.910363
1476859683.700882 -0.910363
1476859684.741443 -0.910078
1476859685.781951 -0.909250
1476859686.821631 -0.909250
1476859687.879435 -0.909250
1476859688.922205 -0.908445
1476859689.962105 -0.908445
1476859691.002521 -0.908183
1476859692.041423 -0.907675
1476859693.088737 -0.907675
1476859694.132427 -0.907177
1476859695.173987 -0.906930
1476859696.222438 -0.906930
1476859697.262367 -0.906440
1476859698.301683 -0.906195
1476859699.342126 -0.906195
1476859700.381835 -0.905700
1476859701.422134 -0.905452
1476859702.462944 -0.905452
1476859703.502211 -0.904955
1476859704.552580 -0.904707
1476859705.592840 -0.904707
1476859706.631990 -0.904213
1476859707.672997 -0.904213
1476859708.714087 -0.903970
1476859709.753839 -0.903503
1476859710.793522 -0.903503
1476859711.834071 -0.903280
1476859712.883442 -0.902727
1476859713.922702 -0.902727
1476859714.962545 -0.902590
1476859716.002418 -0.902372
1476859717.043867 -0.902372
1476859718.087906 -0.902213
1476859719.123167 -0.902137
1476859720.162862 -0.902137
1476859721.217895 -0.901948
1476859722.254715 -0.901828
1476859723.294141 -0.901828
1476859724.334703 -0.901530
1476859725.374500 -0.901355
1476859726.414895 -0.901355
1476859727.454503 -0.900977
1476859728.495174 -0.900777
1476859729.543916 -0.900777
1476859730.583528 -0.900368
1476859731.623800 -0.900368
1476859732.663302 -0.900155
1476859733.704200 -0.899717
1476859734.743818 -0.899717
1476859735.784247 -0.899497
1476859736.824124 -0.898897
1476859737.875149 -0.898897
1476859738.914542 -0.898723
1476859739.954681 -0.898420
1476859740.996027 -0.898420
1476859742.035167 -0.898303
1476859743.074841 -0.898160
1476859744.115249 -0.898160
1476859745.154836 -0.898138
1476859746.210523 -0.898152
1476859747.257044 -0.898152
1476859748.296728 -0.898267
1476859749.335851 -0.898380
1476859750.375801 -0.898380
1476859751.416035 -0.898583
1476859752.457699 -0.898650
1476859753.497072 -0.898650
1476859754.548098 -0.898727
1476859755.584429 -0.898735
1476859756.623734 -0.898735
1476859757.664543 -0.898698
1476859758.703903 -0.898698
1476859759.744841 -0.898662
1476859760.783931 -0.898522
1476859761.824838 -0.898522
1476859762.874763 -0.898522
1476859763.916226 -0.898372
1476859764.956560 -0.898372
1476859765.996811 -0.898323
1476859767.036579 -0.898235
1476859768.077152 -0.898235
1476859769.116950 -0.898163
1476859770.165364 -0.898127
1476859771.214881 -0.898127
1476859772.258589 -0.898072
1476859773.299009 -0.898057
1476859774.338570 -0.898057
1476859775.377960 -0.898023
1476859776.418625 -0.897997
1476859777.458546 -0.897997
1476859778.505907 -0.897907
1476859779.558504 -0.897842
1476859780.598175 -0.897842
1476859781.637453 -0.897688
1476859782.677256 -0.897688
1476859783.717684 -0.897608
1476859784.758802 -0.897363
1476859785.799003 -0.897363
1476859786.837553 -0.897363
1476859787.897829 -0.897050
1476859788.939018 -0.897050
1476859789.978305 -0.896933
1476859791.019006 -0.896680
1476859792.058531 -0.896680
1476859793.105870 -0.896403
1476859794.146705 -0.896258
1476859795.185023 -0.896258
1476859796.237469 -0.895952
1476859797.278773 -0.895785
1476859798.317721 -0.895785
1476859799.358526 -0.895428
1476859800.397923 -0.895237
1476859801.437570 -0.895237
1476859802.478275 -0.894822
1476859803.567070 -0.894602
1476859804.621392 -0.894602
1476859805.666472 -0.894147
1476859806.707806 -0.894147
1476859807.747375 -0.893908
1476859808.786957 -0.893165
1476859809.827668 -0.893165
1476859810.866109 -0.893165
1476859811.905777 -0.892343
1476859812.960371 -0.892343
1476859813.998923 -0.892065
1476859815.038437 -0.891508
1476859816.078131 -0.891508
1476859817.117526 -0.890950
1476859818.157922 -0.890673
1476859819.199491 -0.890673
1476859820.238020 -0.890143
1476859821.288240 -0.889887
1476859822.326782 -0.889887
1476859823.366241 -0.889377
1476859824.408781 -0.889127
1476859825.447199 -0.889127
1476859826.486742 -0.888637
1476859827.526170 -0.888390
1476859828.566678 -0.888390
1476859829.617646 -0.887880
1476859830.658172 -0.887880
1476859831.698470 -0.887618
1476859832.738397 -0.887063
1476859833.777859 -0.887063
1476859834.817271 -0.886773
1476859835.857848 -0.885868
1476859836.906719 -0.885868
1476859837.967358 -0.885552
1476859839.009165 -0.884907
1476859840.046227 -0.884907
1476859841.086569 -0.884247
1476859842.129261 -0.883917
1476859843.166684 -0.883917
1476859844.206282 -0.883260
1476859845.248917 -0.882937
1476859846.299598 -0.882937
1476859847.338658 -0.882313
1476859848.378407 -0.882007
1476859849.418180 -0.882007
1476859850.458808 -0.881402
1476859851.498100 -0.881102
1476859852.548244 -0.881102
1476859853.587404 -0.880503
1476859854.636564 -0.880503
1476859855.677636 -0.880205
1476859856.718321 -0.879597
1476859857.757657 -0.879597
1476859858.798343 -0.879292
1476859859.844190 -0.878378
1476859860.878683 -0.878378
1476859861.927325 -0.878077
1476859862.982867 -0.877473
1476859864.018942 -0.877473
1476859865.058481 -0.876873
1476859866.158449 -0.876570
1476859867.219032 -0.876570
1476859868.259620 -0.875973
1476859869.299205 -0.875675
1476859870.338789 -0.875675
1476859871.391687 -0.875082
1476859872.428247 -0.874790
1476859873.468983 -0.874790
1476859874.508164 -0.874232
1476859875.547641 -0.873962
1476859876.588213 -0.873962
1476859877.628733 -0.873442
1476859878.668188 -0.873442
1476859879.721323 -0.873197
1476859880.758775 -0.872493
1476859881.798941 -0.872493
1476859882.839888 -0.872493
1476859883.879034 -0.871858
1476859884.923170 -0.871858
1476859885.959329 -0.871658
1476859886.999875 -0.871272
1476859888.050223 -0.871272
1476859889.089490 -0.870928
1476859890.128565 -0.870765
1476859891.170235 -0.870765
1476859892.209647 -0.870470
1476859893.248348 -0.870332
1476859894.288817 -0.870332
1476859895.328396 -0.870073
1476859896.381290 -0.869957
1476859897.420055 -0.869957
1476859898.460229 -0.869743
1476859899.500114 -0.869652
1476859900.541284 -0.869652
1476859901.580198 -0.869497
1476859902.620628 -0.869437
1476859903.660031 -0.869437
1476859904.712216 -0.869323
1476859905.749608 -0.869323
1476859906.789862 -0.869270
1476859907.829389 -0.869095
1476859908.868945 -0.869095
1476859909.909636 -0.869032
1476859910.949457 -0.868897
1476859911.989792 -0.868897
1476859913.042426 -0.868827
1476859914.080042 -0.868678
1476859915.120336 -0.868678
1476859916.160612 -0.868517
1476859917.201524 -0.868433
1476859918.240098 -0.868433
1476859919.280677 -0.868258
1476859920.320614 -0.868168
1476859921.374020 -0.868168
1476859922.410752 -0.867995
1476859923.449207 -0.867912
1476859924.490219 -0.867912
1476859925.531213 -0.867752
1476859926.571874 -0.867673
1476859927.611679 -0.867673
1476859928.650295 -0.867512
1476859929.701522 -0.867512
1476859930.743211 -0.867432
1476859931.782107 -0.867193
1476859932.822730 -0.867193
1476859933.860861 -0.867193
1476859934.905776 -0.866955
1476859935.942395 -0.866955
1476859936.982780 -0.866877
1476859938.037369 -0.866715
1476859939.071208 -0.866715
1476859940.111333 -0.866560
1476859941.150068 -0.866480
1476859942.192456 -0.866480
1476859943.232969 -0.866325
1476859944.270587 -0.866245
1476859945.311172 -0.866245
1476859946.362176 -0.866085
1476859947.403747 -0.866005
1476859948.442953 -0.866005
1476859949.482545 -0.865845
1476859950.522196 -0.865768
1476859951.562638 -0.865768
1476859952.603067 -0.865620
1476859953.642972 -0.865620
1476859954.691784 -0.865553
1476859955.732447 -0.865438
1476859956.772292 -0.865438
1476859957.812106 -0.865390
1476859958.851373 -0.865308
1476859959.899853 -0.865308
1476859960.942662 -0.865298
1476859961.994478 -0.865300
1476859963.043571 -0.865300
1476859964.082814 -0.865337
1476859965.122038 -0.865368
1476859966.162651 -0.865368
1476859967.203214 -0.865448
1476859968.242496 -0.865497
1476859969.282466 -0.865497
1476859970.321655 -0.865610
1476859971.372355 -0.865665
1476859972.412141 -0.865665
1476859973.452454 -0.865780
1476859974.492961 -0.865837
1476859975.532927 -0.865837
1476859976.583159 -0.865950
1476859977.622841 -0.866008
1476859978.673675 -0.866008
1476859979.727780 -0.866123
1476859980.763422 -0.866123
1476859981.803326 -0.866180
1476859982.842766 -0.866375
1476859983.882663 -0.866375
1476859984.950349 -0.866447
1476859985.983705 -0.866615
1476859987.023188 -0.866615
1476859988.074369 -0.866808
1476859989.112562 -0.866910
1476859990.153226 -0.866910
1476859991.193832 -0.867113
1476859992.304001 -0.867213
1476859993.342645 -0.867213
1476859994.383544 -0.867410
1476859995.423555 -0.867510
1476859996.473639 -0.867510
1476859997.513181 -0.867703
1476859998.553573 -0.867795
1476859999.592953 -0.867795
1476860000.632878 -0.867978
1476860001.672554 -0.867978
1476860002.711941 -0.868075
1476860003.752353 -0.868273
1476860004.804865 -0.868273
1476860005.843960 -0.868373
1476860006.883037 -0.868668
1476860007.923793 -0.868668
1476860008.963136 -0.868763
1476860010.010831 -0.868962
1476860011.055364 -0.868962
1476860012.093839 -0.869153
1476860013.142859 -0.869242
1476860014.185342 -0.869242
1476860015.224585 -0.869392
1476860016.265223 -0.869457
1476860017.304560 -0.869457
1476860018.344313 -0.869570
1476860019.385096 -0.869622
1476860020.423539 -0.869622
1476860021.473219 -0.869722
1476860022.512893 -0.869772
1476860023.553062 -0.869772
1476860024.595747 -0.869870
1476860025.634459 -0.869870
1476860026.674146 -0.869918
1476860027.714455 -0.870017
1476860028.754477 -0.870017
1476860029.806663 -0.870060
1476860030.845588 -0.870203
1476860031.885472 -0.870203
1476860032.924236 -0.870253
1476860033.963940 -0.870352
1476860035.010426 -0.870352
1476860036.053963 -0.870402
1476860037.093625 -0.870498
1476860038.145836 -0.870498
1476860039.186189 -0.870602
1476860040.225606 -0.870653
1476860041.266323 -0.870653
1476860042.305591 -0.870757
1476860043.345823 -0.870810
1476860044.385656 -0.870810
1476860045.425025 -0.870905
1476860046.475868 -0.870952
1476860047.514646 -0.870952
1476860048.555844 -0.871055
1476860049.595244 -0.871105
1476860050.635092 -0.871105
1476860051.674388 -0.871208
1476860052.714866 -0.871208
1476860053.754375 -0.871258
1476860054.806542 -0.871403
1476860055.929669 -0.871403
1476860056.965083 -0.871452
1476860058.005642 -0.871552
1476860059.046216 -0.871552
1476860060.085935 -0.871650
1476860061.125399 -0.871695
1476860062.165936 -0.871695
1476860063.220573 -0.871792
1476860064.255300 -0.871843
1476860065.295510 -0.871843
1476860066.335142 -0.871935
1476860067.374602 -0.871978
1476860068.415281 -0.871978
1476860069.457124 -0.872053
1476860070.495325 -0.872085
1476860071.547820 -0.872085
1476860072.586782 -0.872132
1476860073.627089 -0.872132
1476860074.666879 -0.872147
1476860075.709108 -0.872168
1476860076.749023 -0.872168
1476860077.786200 -0.872175
1476860078.827700 -0.872195
1476860079.880026 -0.872195
1476860080.915552 -0.872202
1476860081.955510 -0.872208
1476860082.998023 -0.872208
1476860084.036579 -0.872215
1476860085.076274 -0.872225
1476860086.116655 -0.872225
1476860087.155290 -0.872232
1476860088.214745 -0.872238
1476860089.256734 -0.872238
1476860090.298117 -0.872248
1476860091.335724 -0.872253
1476860092.377139 -0.872253
1476860093.415767 -0.872240
1476860094.455423 -0.872220
1476860095.497822 -0.872220
1476860096.548373 -0.872162
1476860097.590461 -0.872118
1476860098.629672 -0.872118
1476860099.670147 -0.872003
1476860100.710677 -0.872003
1476860101.750459 -0.871940
1476860102.790165 -0.871703
1476860103.830503 -0.871703
1476860104.883804 -0.871703
1476860105.917117 -0.871377
1476860106.957371 -0.871377
1476860107.997925 -0.871248
1476860109.037497 -0.870958
1476860110.084654 -0.870958
1476860111.129349 -0.870642
1476860112.169843 -0.870473
1476860113.225060 -0.870473
1476860114.271518 -0.870108
1476860115.310369 -0.869915
1476860116.351112 -0.869915
1476860117.390809 -0.869513
1476860118.435948 -0.869302
1476860119.477879 -0.869302
1476860120.517311 -0.868867
1476860121.569044 -0.868648
1476860122.610810 -0.868648
1476860123.650134 -0.868223
1476860124.689594 -0.868223
1476860125.728964 -0.868008
1476860126.769628 -0.867347
1476860127.810347 -0.867347
1476860128.849656 -0.867347
1476860129.900543 -0.866708
1476860130.938452 -0.866708
1476860131.977468 -0.866505
1476860133.019131 -0.866115
1476860134.059072 -0.866115
1476860135.099015 -0.865747
1476860136.138652 -0.865567
1476860137.178042 -0.865567
1476860138.228080 -0.865215
1476860139.271866 -0.865045
1476860140.309757 -0.865045
1476860141.350385 -0.864703
1476860142.389989 -0.864532
1476860143.429479 -0.864532
1476860144.469087 -0.864188
1476860145.509853 -0.864017
1476860146.565392 -0.864017
1476860147.610203 -0.863678
1476860148.649533 -0.863507
1476860149.689086 -0.863507
1476860150.728955 -0.863167
1476860151.769276 -0.863167
1476860152.809576 -0.862993
1476860153.850407 -0.862460
1476860154.901315 -0.862460
1476860155.938531 -0.862275
1476860156.979007 -0.861898
1476860158.017593 -0.861898
1476860159.059252 -0.861707
1476860160.099510 -0.861315
1476860161.138262 -0.861315
1476860162.178879 -0.860918
1476860163.230579 -0.860718
1476860164.271082 -0.860718
1476860165.310211 -0.860310
1476860166.350801 -0.860100
1476860167.390434 -0.860100
1476860168.437979 -0.859680
1476860169.479757 -0.859470
1476860170.518136 -0.859470
1476860171.571159 -0.859047
1476860172.611771 -0.858828
1476860173.650948 -0.858828
1476860174.690747 -0.858387
1476860175.730062 -0.858387
1476860176.770521 -0.858167
1476860177.811186 -0.857502
1476860178.850681 -0.857502
1476860179.901018 -0.857502
1476860180.940019 -0.856832
1476860181.981253 -0.856832
1476860183.019721 -0.856610
1476860184.058468 -0.856165
1476860185.101264 -0.856165
1476860186.139567 -0.855727
1476860187.179052 -0.855510
1476860188.229776 -0.855510
1476860189.271484 -0.855082
1476860190.311616 -0.854867
1476860191.351565 -0.854867
1476860192.390837 -0.854442
1476860193.437298 -0.854232
1476860194.480037 -0.854232
1476860195.521836 -0.853810
1476860196.574338 -0.853605
1476860197.610963 -0.853605
1476860198.651569 -0.853197
1476860199.690927 -0.853197
1476860200.730331 -0.852993
1476860201.771157 -0.852592
1476860202.810708 -0.852592
1476860203.860961 -0.852390
1476860204.912674 -0.851775
1476860205.951411 -0.851775
1476860206.990651 -0.851568
1476860208.031352 -0.851148
1476860209.071108 -0.851148
1476860210.111451 -0.850730
1476860211.152052 -0.850517
1476860212.191413 -0.850517
1476860213.241984 -0.850090
1476860214.280834 -0.849880
1476860215.320191 -0.849880
1476860216.360675 -0.849453
1476860217.400252 -0.849238
1476860218.446890 -0.849238
1476860219.491365 -0.848810
1476860220.531136 -0.848597
1476860221.583466 -0.848597
1476860222.621505 -0.848170
1476860223.660570 -0.848170
1476860224.700351 -0.847957
1476860225.740997 -0.847532
1476860226.781843 -0.847532
1476860227.821358 -0.847318
1476860228.860877 -0.846675
1476860229.911952 -0.846675
1476860230.951992 -0.846465
1476860231.992608 -0.846042
1476860233.032028 -0.846042
1476860234.071776 -0.845612
1476860235.112300 -0.845403
1476860236.153628 -0.845403
1476860237.193185 -0.845003
1476860238.242780 -0.844813
1476860239.281642 -0.844813
1476860240.321787 -0.844443
1476860241.362385 -0.844273
1476860242.404960 -0.844273
1476860243.441606 -0.843972
1476860244.493087 -0.843832
1476860245.531623 -0.843832
1476860246.587375 -0.843600
1476860247.622260 -0.843502
1476860248.662450 -0.843502
1476860249.702111 -0.843320
1476860250.741485 -0.843320
1476860251.782258 -0.843245
1476860252.823793 -0.843063
1476860253.862385 -0.843063
1476860254.912369 -0.843063
1476860255.954902 -0.842895
1476860256.994111 -0.842895
1476860258.033593 -0.842838
1476860259.074368 -0.842718
1476860260.114586 -0.842718
1476860261.154233 -0.842588
1476860262.194964 -0.842520
1476860263.243943 -0.842520
1476860264.283363 -0.842395
1476860265.322484 -0.842338
1476860266.363236 -0.842338
1476860267.402750 -0.842228
1476860268.448033 -0.842173
1476860269.484670 -0.842173
1476860270.523349 -0.842055
1476860271.571451 -0.841995
1476860272.614973 -0.841995
1476860273.653928 -0.841883
1476860274.693607 -0.841883
1476860275.734091 -0.841827
1476860276.774587 -0.841647
1476860277.814435 -0.841647
1476860278.855075 -0.841647
1476860279.903380 -0.841470
1476860280.943441 -0.841470
1476860281.984449 -0.841412
1476860283.024909 -0.841298
1476860284.063677 -0.841298
1476860285.104056 -0.841185
1476860286.143567 -0.841128
1476860287.184049 -0.841128
1476860288.234151 -0.841008
1476860289.274791 -0.840950
1476860290.313882 -0.840950
1476860291.354309 -0.840835
1476860292.394033 -0.840777
1476860293.440004 -0.840777
1476860294.483174 -0.840660
1476860295.523747 -0.840602
1476860296.572468 -0.840602
1476860297.613436 -0.840482
1476860298.653467 -0.840482
1476860299.694916 -0.840417
1476860300.733739 -0.840278
1476860301.775143 -0.840278
1476860302.813869 -0.840205
1476860303.854201 -0.839972
1476860304.905135 -0.839972
1476860305.943688 -0.839885
1476860306.989113 -0.839710
1476860308.024088 -0.839710
1476860309.064104 -0.839622
1476860310.103464 -0.839445
1476860311.144013 -0.839445
1476860312.183681 -0.839267
1476860313.237107 -0.839177
1476860314.276075 -0.839177
1476860315.315511 -0.839002
1476860316.354951 -0.838915
1476860317.395521 -0.838915
1476860318.435092 -0.838763
1476860319.474631 -0.838698
1476860320.515209 -0.838698
1476860321.566625 -0.838573
1476860322.604673 -0.838507
1476860323.643823 -0.838507
1476860324.686386 -0.838395
1476860325.724065 -0.838395
1476860326.764609 -0.838355
1476860327.804788 -0.838205
1476860328.844902 -0.838205
1476860329.899649 -0.838205
1476860330.936213 -0.837970
1476860331.975605 -0.837970
1476860333.015219 -0.837872
1476860334.055202 -0.837657
1476860335.095388 -0.837657
1476860336.135784 -0.837435
1476860337.175307 -0.837322
1476860338.227627 -0.837322
1476860339.266442 -0.837083
1476860340.306092 -0.836972
1476860341.345642 -0.836972
1476860342.386351 -0.836767
1476860343.415724 -0.836683
1476860344.455240 -0.836683
1476860345.495971 -0.836535
1476860346.548013 -0.836468
1476860347.585437 -0.836468
1476860348.625476 -0.836328
1476860349.667189 -0.836328
1476860350.706133 -0.836247
1476860351.746485 -0.836053
1476860352.784815 -0.836053
1476860353.825505 -0.835932
1476860354.876299 -0.835512
1476860355.917112 -0.835512
1476860356.956549 -0.835360
1476860357.996814 -0.835047
1476860359.036598 -0.835047
1476860360.077136 -0.834723
1476860361.115629 -0.834560
1476860362.156583 -0.834560
1476860363.209020 -0.834230
1476860364.246659 -0.834067
1476860365.285908 -0.834067
1476860366.316606 -0.833732
1476860367.357104 -0.833560
1476860368.396636 -0.833560
1476860369.437300 -0.833222
1476860370.476949 -0.833055
1476860371.530559 -0.833055
1476860372.566415 -0.832725
1476860373.606696 -0.832557
1476860374.645112 -0.832557
1476860375.677662 -0.832213
1476860376.717415 -0.832213
1476860377.758140 -0.832043
1476860378.797584 -0.831520
1476860379.848731 -0.831520
1476860380.886983 -0.831520
1476860381.927201 -0.830992
1476860382.968007 -0.830992
1476860384.006503 -0.830817
1476860385.053912 -0.830462
1476860386.097867 -0.830462
1476860387.137187 -0.830112
1476860388.189906 -0.829935
1476860389.228016 -0.829935
1476860390.266923 -0.829582
1476860391.306805 -0.829402
1476860392.347945 -0.829402
1476860393.394936 -0.829050
1476860394.429479 -0.828878
1476860395.469703 -0.828878
1476860396.520546 -0.828535
1476860397.559374 -0.828373
1476860398.598548 -0.828373
1476860399.638066 -0.828065
1476860400.678701 -0.828065
1476860401.718446 -0.827925
1476860402.758744 -0.827668
1476860403.798572 -0.827668
1476860404.858648 -0.827553
1476860405.898915 -0.827243
1476860406.938332 -0.827243
1476860407.978816 -0.827145
1476860409.018847 -0.826938
1476860410.059142 -0.826938
1476860411.098569 -0.826715
1476860412.139308 -0.826600
1476860413.189374 -0.826600
1476860414.228733 -0.826353
1476860415.267791 -0.826223
1476860416.320823 -0.826223
1476860417.362181 -0.825952
1476860418.401854 -0.825810
1476860419.441372 -0.825810
1476860420.481758 -0.825520
1476860421.540172 -0.825373
1476860422.580597 -0.825373
1476860423.620606 -0.825077
1476860424.660320 -0.825077
1476860425.700723 -0.824930
1476860426.741456 -0.824633
1476860427.781992 -0.824633
1476860428.821324 -0.824487
1476860429.876073 -0.824093
1476860430.923271 -0.824093
1476860431.962359 -0.824093
1476860433.002123 -0.823805
1476860434.041240 -0.823805
1476860435.080872 -0.823732
1476860436.122232 -0.823610
1476860437.161881 -0.823610
1476860438.215604 -0.823538
1476860439.260191 -0.823518
1476860440.300639 -0.823518
1476860441.342061 -0.823473
1476860442.380768 -0.823432
1476860443.421426 -0.823432
1476860444.459772 -0.823322
1476860445.500262 -0.823263
1476860446.560646 -0.823263
1476860447.603046 -0.823138
1476860448.642046 -0.823138
1476860449.681684 -0.823088
1476860450.721442 -0.823023
1476860451.762677 -0.823023
1476860452.802145 -0.823007
1476860453.840665 -0.822948
1476860454.893443 -0.822948
1476860455.931005 -0.822948
1476860456.970393 -0.822790
1476860458.010066 -0.822790
1476860459.049362 -0.822728
1476860460.088980 -0.822580
1476860461.129852 -0.822580
1476860462.169981 -0.822413
1476860463.223524 -0.822322
1476860464.261653 -0.822322
1476860465.310153 -0.822138
1476860466.349389 -0.822043
1476860467.390091 -0.822043
1476860468.429639 -0.821843
1476860469.469513 -0.821742
1476860470.509832 -0.821742
1476860471.570582 -0.821535
1476860472.610387 -0.821435
1476860473.650542 -0.821435
1476860474.690427 -0.821252
1476860475.729760 -0.821252
1476860476.770387 -0.821165
1476860477.810102 -0.821002
1476860478.850423 -0.821002
1476860479.904981 -0.820917
1476860480.943086 -0.820652
1476860481.980966 -0.820652
1476860483.021621 -0.820557
1476860484.062534 -0.820367
1476860485.100858 -0.820367
1476860486.141432 -0.820180
1476860487.180784 -0.820097
1476860488.237423 -0.820097
1476860489.282386 -0.819945
1476860490.321693 -0.819868
1476860491.361990 -0.819868
1476860492.402630 -0.819713
1476860493.442061 -0.819637
1476860494.481591 -0.819637
1476860495.522306 -0.819485
1476860496.573914 -0.819413
1476860497.611481 -0.819413
1476860498.652854 -0.819265
1476860499.691298 -0.819265
1476860500.732065 -0.819200
1476860501.771603 -0.819085
1476860502.811171 -0.819085
1476860503.852489 -0.819037
1476860504.906280 -0.818920
1476860505.942244 -0.818920
1476860506.982333 -0.818920
1476860508.023016 -0.818807
1476860509.062547 -0.818807
1476860510.110121 -0.818765
1476860511.151667 -0.818657
1476860512.191137 -0.818657
1476860513.233829 -0.818522
1476860514.273455 -0.818450
1476860515.312805 -0.818450
1476860516.351136 -0.818307
1476860517.392066 -0.818235
1476860518.433395 -0.818235
1476860519.471978 -0.818090
1476860520.511466 -0.818020
1476860521.565633 -0.818020
1476860522.603860 -0.817877
1476860523.643103 -0.817877
1476860524.682749 -0.817803
1476860525.723113 -0.817663
1476860526.762708 -0.817663
1476860527.803412 -0.817600
1476860528.843761 -0.817430
1476860529.900901 -0.817430
1476860530.943508 -0.817430
1476860531.983424 -0.817275
1476860533.022168 -0.817275
1476860534.063871 -0.817223
1476860535.104477 -0.817123
1476860536.143806 -0.817123
1476860537.183513 -0.817020
1476860538.235603 -0.816968
1476860539.273899 -0.816968
1476860540.313047 -0.816860
1476860541.352627 -0.816807
1476860542.393504 -0.816807
1476860543.432965 -0.816698
1476860544.474480 -0.816643
1476860545.512859 -0.816643
1476860546.568869 -0.816538
1476860547.612401 -0.816485
1476860548.653888 -0.816485
1476860549.693325 -0.816368
1476860550.733272 -0.816368
1476860551.775316 -0.816302
1476860552.813015 -0.816145
1476860553.853639 -0.816145
1476860554.905364 -0.816058
1476860555.945818 -0.815750
1476860556.984343 -0.815750
1476860558.024942 -0.815645
1476860559.133268 -0.815418
1476860560.179803 -0.815418
1476860561.224452 -0.815152
1476860562.264970 -0.815012
1476860563.324106 -0.815012
1476860564.365440 -0.814732
1476860565.405745 -0.814590
1476860566.445411 -0.814590
1476860567.486352 -0.814317
1476860568.529365 -0.814185
1476860569.566301 -0.814185
1476860570.605623 -0.813932
1476860571.659127 -0.813932
1476860572.694292 -0.813810
1476860573.733537 -0.813570
1476860574.775655 -0.813570
1476860575.825616 -0.813448
1476860576.865423 -0.813100
1476860577.906768 -0.813100
1476860578.946077 -0.813100
1476860579.997604 -0.812767
1476860581.035861 -0.812767
1476860582.074796 -0.812660
1476860583.115620 -0.812448
1476860584.166105 -0.812448
1476860585.209989 -0.812238
1476860586.256378 -0.812135
1476860587.296629 -0.812135
1476860588.349483 -0.811930
1476860589.386521 -0.811828
1476860590.425916 -0.811828
1476860591.466270 -0.811623
1476860592.505559 -0.811525
1476860593.545258 -0.811525
1476860594.585893 -0.811328
1476860595.626512 -0.811232
1476860596.676951 -0.811232
1476860597.717106 -0.811037
1476860598.756484 -0.811037
1476860599.796467 -0.810947
1476860600.836244 -0.810675
1476860601.876610 -0.810675
1476860602.916085 -0.810675
1476860603.956684 -0.810425
1476860605.007656 -0.810425
1476860606.047060 -0.810350
1476860607.086297 -0.810205
1476860608.126820 -0.810205
1476860609.166459 -0.810073
1476860610.205944 -0.810012
1476860611.246553 -0.810012
1476860612.287054 -0.809857
1476860613.337781 -0.809773
1476860614.376571 -0.809773
1476860615.415766 -0.809662
1476860616.456457 -0.809613
1476860617.495923 -0.809613
1476860618.535561 -0.809505
1476860619.576176 -0.809443
1476860620.615616 -0.809443
1476860621.665704 -0.809313
1476860622.706330 -0.809313
1476860623.745694 -0.809248
1476860624.785979 -0.809107
1476860625.825862 -0.809107
1476860626.866153 -0.809032
1476860627.906858 -0.808787
1476860628.946728 -0.808787
1476860629.996637 -0.808787
1476860631.036372 -0.808507
1476860632.066344 -0.808507
1476860633.106682 -0.808402
1476860634.145332 -0.808190
1476860635.187130 -0.808190
1476860636.226409 -0.807980
1476860637.266114 -0.807872
1476860638.317762 -0.807872
1476860639.356454 -0.807663
1476860640.396103 -0.807558
1476860641.435604 -0.807558
1476860642.476208 -0.807343
1476860643.527154 -0.807242
1476860644.567073 -0.807242
1476860645.607838 -0.807038
1476860646.662065 -0.807038
1476860647.697981 -0.806940
1476860648.736721 -0.806753
1476860649.776943 -0.806753
1476860650.816452 -0.806670
1476860651.860995 -0.806393
1476860652.897574 -0.806393
1476860653.937529 -0.806283
1476860654.988188 -0.806045
1476860656.028983 -0.806045
1476860657.066857 -0.805918
1476860658.107722 -0.805667
1476860659.146974 -0.805667
1476860660.187653 -0.805422
1476860661.227235 -0.805303
1476860662.267822 -0.805303
1476860663.318293 -0.805097
1476860664.357159 -0.804995
1476860665.396684 -0.804995
1476860666.437186 -0.804795
1476860667.476925 -0.804705
1476860668.517659 -0.804705
1476860669.557071 -0.804537
1476860670.599721 -0.804455
1476860671.650232 -0.804455
1476860672.689260 -0.804308
1476860673.727325 -0.804308
1476860674.768758 -0.804253
1476860675.808170 -0.804193
1476860676.848918 -0.804193
1476860677.888554 -0.804177
1476860678.928175 -0.804165
1476860679.990599 -0.804165
1476860681.028786 -0.804165
1476860682.068185 -0.804165
1476860683.108513 -0.804165
1476860684.147935 -0.804165
1476860685.188424 -0.804165
1476860686.228328 -0.804165
1476860687.268650 -0.804147
1476860688.318307 -0.804142
1476860689.358906 -0.804142
1476860690.402636 -0.804130
1476860691.439109 -0.804130
1476860692.478402 -0.804130
1476860693.519382 -0.804130
1476860694.557675 -0.804130
1476860695.598124 -0.804130
1476860696.648106 -0.804127
1476860697.689731 -0.804127
1476860698.728939 -0.804127
1476860699.769700 -0.804123
1476860700.809159 -0.804123
1476860701.849553 -0.804123
1476860702.889218 -0.804125
1476860703.929987 -0.804125
1476860704.991073 -0.804125
1476860706.028233 -0.804127
1476860707.068621 -0.804127
1476860708.108966 -0.804127
1476860709.149532 -0.804118
1476860710.189276 -0.804118
1476860711.229712 -0.804100
1476860712.269514 -0.804092
1476860713.320713 -0.804092
1476860714.359708 -0.804068
1476860715.398984 -0.804055
1476860716.438447 -0.804055
1476860717.479024 -0.804032
1476860718.518772 -0.804015
1476860719.560326 -0.804015
1476860720.599867 -0.803978
1476860721.648893 -0.803962
1476860722.691564 -0.803962
1476860723.730662 -0.803930
1476860724.771248 -0.803930
1476860725.810666 -0.803913
1476860726.851242 -0.803863
1476860727.891006 -0.803863
1476860728.931312 -0.803863
1476860729.988044 -0.803813
1476860731.030976 -0.803813
1476860732.069999 -0.803798
1476860733.110672 -0.803807
1476860734.151296 -0.803807
1476860735.190636 -0.803908
1476860736.239361 -0.803978
1476860737.279847 -0.803978
1476860738.329318 -0.804153
1476860739.372448 -0.804252
1476860740.412726 -0.804252
1476860741.453322 -0.804463
1476860742.492538 -0.804578
1476860743.538911 -0.804578
1476860744.580799 -0.804813
1476860745.620063 -0.804935
1476860746.669455 -0.804935
1476860747.711671 -0.805177
1476860748.821202 -0.805177
1476860749.860910 -0.805303
1476860750.901533 -0.805680
1476860751.941088 -0.805680
1476860752.980209 -0.805680
1476860754.021212 -0.806053
1476860755.071455 -0.806053
1476860756.113239 -0.806173
1476860757.151549 -0.806397
1476860758.191925 -0.806397
1476860759.232752 -0.806600
1476860760.278087 -0.806700
1476860761.319772 -0.806700
1476860762.360452 -0.806885
1476860763.413481 -0.806975
1476860764.453749 -0.806975
1476860765.493327 -0.807157
1476860766.533571 -0.807240
1476860767.573125 -0.807240
1476860768.618198 -0.807368
1476860769.661533 -0.807368
1476860770.700932 -0.807405
1476860771.749214 -0.807467
1476860772.793321 -0.807467
1476860773.832748 -0.807505
1476860774.872227 -0.807645
1476860775.912748 -0.807645
1476860776.952210 -0.807645
1476860777.992777 -0.807777
1476860779.033420 -0.807777
1476860780.082256 -0.807817
1476860781.112016 -0.807880
1476860782.152174 -0.807880
1476860783.192921 -0.807893
1476860784.232128 -0.807890
1476860785.271804 -0.807890
1476860786.312326 -0.807890
1476860787.352093 -0.807890
1476860788.400688 -0.807890
1476860789.442331 -0.807888
1476860790.481998 -0.807888
1476860791.521136 -0.807888
1476860792.561818 -0.807887
1476860793.606846 -0.807885
1476860794.642470 -0.807885
1476860795.681377 -0.807885
1476860796.735737 -0.807885
1476860797.772851 -0.807885
1476860798.813422 -0.807885
1476860799.853091 -0.807885
1476860800.893762 -0.807885
1476860801.931916 -0.807885
1476860802.972560 -0.807885
1476860804.013191 -0.807885
