   843 4
   0.0000000e+00   7.8100000e+02   3.2000000e+01   6.4835200e-01
   0.0000000e+00   7.7925000e+02   3.2000000e+01   6.4756700e-01
   0.0000000e+00   7.8450000e+02   3.2000000e+01   6.6834400e-01
   0.0000000e+00   7.8000000e+02   3.3000000e+01   6.1192200e-01
   0.0000000e+00   7.8175000e+02   3.3000000e+01   6.1430000e-01
   0.0000000e+00   7.7600000e+02   3.3000000e+01   5.9786200e-01
   2.0000000e+00   8.6825000e+02   3.3000000e+01   5.5766900e-01
   0.0000000e+00   8.6300000e+02   3.3000000e+01   3.2513400e-01
   2.0000000e+00   1.1887500e+03   3.3000000e+01   1.4342700e+00
   7.0000000e+00   1.3605000e+03   3.3000000e+01   1.1342200e+00
   1.6000000e+01   1.6900000e+03   3.4000000e+01   1.2263400e+00
   1.9000000e+01   1.0745000e+03   3.4000000e+01   4.7483600e-01
   1.3000000e+01   9.1525000e+02   3.4000000e+01   4.0804800e-01
   1.1000000e+01   9.2075000e+02   3.4000000e+01   4.1324200e-01
   1.6000000e+01   8.7825000e+02   3.5000000e+01   1.3160300e+00
   1.7000000e+01   9.5750000e+02   3.5000000e+01   0.0000000e+00
   1.7000000e+01   9.7525000e+02   3.5000000e+01   3.3988600e-01
   2.0000000e+01   1.1412500e+03   3.5000000e+01   5.4892000e-01
   2.2000000e+01   1.2447500e+03   3.6000000e+01   3.2135900e-01
   2.5000000e+01   1.4115000e+03   3.6000000e+01   2.9124300e-01
   2.2000000e+01   1.2345000e+03   3.6000000e+01   8.5649600e-02
   1.9000000e+01   9.1275000e+02   3.6000000e+01   2.5943100e-01
   1.0000000e+00   9.1500000e+02   3.7000000e+01   3.9083700e-01
   0.0000000e+00   7.7725000e+02   3.7000000e+01   3.9768200e-01
   0.0000000e+00   7.7875000e+02   3.7000000e+01   4.0930600e-01
   0.0000000e+00   7.8625000e+02   3.7000000e+01   4.3584400e-01
   8.0000000e+00   1.3707500e+03   3.7000000e+01   1.9086900e+00
   1.7000000e+01   9.6350000e+02   3.7000000e+01   1.0548400e+00
   2.5000000e+01   1.3917500e+03   3.8000000e+01   6.8247300e-01
   3.0000000e+01   1.0152500e+03   3.8000000e+01   1.2305500e+00
   3.1000000e+01   1.0710000e+03   3.8000000e+01   0.0000000e+00
   3.2000000e+01   1.0860000e+03   3.8000000e+01   0.0000000e+00
   3.0000000e+01   8.9575000e+02   3.9000000e+01   3.6924000e-01
   2.6000000e+01   9.2300000e+02   3.9000000e+01   1.4443900e+00
   3.4000000e+01   1.1402500e+03   3.9000000e+01   1.5096200e+00
   3.5000000e+01   1.1870000e+03   3.9000000e+01   0.0000000e+00
   3.0000000e+01   9.0400000e+02   3.9000000e+01   3.3851200e-01
   2.0000000e+01   1.2502500e+03   4.0000000e+01   8.3151700e-01
   2.2000000e+01   1.2592500e+03   4.0000000e+01   1.9983800e+00
   2.5000000e+01   1.3905000e+03   4.0000000e+01   1.7575000e+00
   2.9000000e+01   1.6090000e+03   4.0000000e+01   1.4516600e+00
   3.0000000e+01   1.6862500e+03   4.1000000e+01   1.6677400e+00
   3.0000000e+01   1.0175000e+03   4.1000000e+01   3.3596200e+00
   3.3000000e+01   1.1452500e+03   4.1000000e+01   3.7139900e-01
   3.3000000e+01   1.1247500e+03   4.2000000e+01   5.4898900e-01
   3.5000000e+01   1.1932500e+03   4.2000000e+01   1.0373900e+00
   3.4000000e+01   1.1692500e+03   4.2000000e+01   5.5042000e-01
   3.5000000e+01   1.2025000e+03   4.3000000e+01   1.9688100e+00
   3.7000000e+01   1.2770000e+03   4.3000000e+01   1.1448400e+00
   3.7000000e+01   1.2762500e+03   4.3000000e+01   6.0658900e-02
   3.9000000e+01   1.3265000e+03   4.4000000e+01   4.9305100e-01
   3.7000000e+01   1.2637500e+03   4.4000000e+01   4.2965600e-01
   3.5000000e+01   1.2010000e+03   4.5000000e+01   6.3325300e-01
   3.7000000e+01   1.2695000e+03   4.5000000e+01   6.2770100e-01
   3.7000000e+01   1.2615000e+03   4.5000000e+01   5.9458400e-01
   3.7000000e+01   1.2572500e+03   4.5000000e+01   4.9159700e-01
   3.6000000e+01   1.2215000e+03   4.6000000e+01   5.0738800e-01
   3.5000000e+01   1.1955000e+03   4.6000000e+01   1.1280100e+00
   4.0000000e+01   1.3680000e+03   4.6000000e+01   1.0669300e+00
   4.2000000e+01   1.4515000e+03   4.6000000e+01   6.5056800e-02
   4.3000000e+01   1.4580000e+03   4.6000000e+01   2.2174300e-01
   4.2000000e+01   1.4285000e+03   4.7000000e+01   2.2190400e-01
   3.9000000e+01   1.3440000e+03   4.7000000e+01   0.0000000e+00
   3.7000000e+01   1.2497500e+03   4.7000000e+01   4.0066000e-02
   3.4000000e+01   1.1797500e+03   4.7000000e+01   0.0000000e+00
   2.4000000e+01   1.3482500e+03   4.7000000e+01   0.0000000e+00
   2.7000000e+01   1.5435000e+03   4.8000000e+01   1.9458900e+00
   3.4000000e+01   1.4795000e+03   4.8000000e+01   1.0997100e-01
   4.0000000e+01   1.3692500e+03   4.8000000e+01   2.4247400e+00
   4.7000000e+01   1.5957500e+03   4.8000000e+01   1.0996900e+00
   5.0000000e+01   1.6035000e+03   4.8000000e+01   8.9920600e-01
   5.4000000e+01   1.2580000e+03   4.8000000e+01   1.0715200e+00
   5.6000000e+01   1.3270000e+03   4.9000000e+01   0.0000000e+00
   5.6000000e+01   1.3297500e+03   4.9000000e+01   5.1408300e-01
   5.7000000e+01   1.3372500e+03   4.9000000e+01   1.5998700e-01
   5.6000000e+01   1.3330000e+03   5.0000000e+01   0.0000000e+00
   5.7000000e+01   1.3382500e+03   5.0000000e+01   0.0000000e+00
   5.7000000e+01   1.3517500e+03   5.0000000e+01   0.0000000e+00
   5.8000000e+01   1.3592500e+03   5.0000000e+01   0.0000000e+00
   5.6000000e+01   8.9525000e+02   5.0000000e+01   2.7038500e-01
   4.9000000e+01   1.6870000e+03   5.0000000e+01   0.0000000e+00
   4.1000000e+01   1.3890000e+03   5.0000000e+01   0.0000000e+00
   3.6000000e+01   1.2327500e+03   5.1000000e+01   4.3351200e-01
   3.4000000e+01   1.1685000e+03   5.1000000e+01   1.1500300e+00
   4.0000000e+01   1.3555000e+03   5.1000000e+01   1.7867600e+00
   4.5000000e+01   1.5585000e+03   5.1000000e+01   9.0728600e-01
   5.2000000e+01   1.2137500e+03   5.1000000e+01   1.6981800e+00
   5.6000000e+01   1.3365000e+03   5.1000000e+01   1.3776700e-01
   6.0000000e+01   1.4260000e+03   5.1000000e+01   5.6189400e-01
   6.2000000e+01   1.4782500e+03   5.1000000e+01   0.0000000e+00
   6.2000000e+01   1.4645000e+03   5.1000000e+01   3.8655500e-01
   5.8000000e+01   1.3747500e+03   5.1000000e+01   2.1037500e+00
   5.8000000e+01   1.3627500e+03   5.1000000e+01   2.2763000e+00
   5.9000000e+01   1.3985000e+03   5.1000000e+01   2.2556900e+00
   6.0000000e+01   1.4135000e+03   5.1000000e+01   1.6364200e+00
   5.8000000e+01   1.3712500e+03   5.2000000e+01   1.1381500e-02
   5.7000000e+01   1.3477500e+03   5.2000000e+01   1.9281600e+00
   5.9000000e+01   1.4017500e+03   5.2000000e+01   1.8759100e+00
   5.9000000e+01   1.3922500e+03   5.2000000e+01   5.8814300e-01
   6.2000000e+01   1.4685000e+03   5.2000000e+01   1.5692000e+00
   6.4000000e+01   1.5017500e+03   5.3000000e+01   1.2928300e-02
   6.3000000e+01   1.4907500e+03   5.3000000e+01   4.0422700e-01
   6.2000000e+01   1.4577500e+03   5.3000000e+01   8.6215300e-02
   6.1000000e+01   1.4442500e+03   5.3000000e+01   3.8784700e-01
   6.0000000e+01   1.4292500e+03   5.3000000e+01   0.0000000e+00
   5.9000000e+01   1.3867500e+03   5.4000000e+01   0.0000000e+00
   5.8000000e+01   1.3580000e+03   5.4000000e+01   0.0000000e+00
   5.7000000e+01   1.3527500e+03   5.4000000e+01   1.9063400e-01
   5.6000000e+01   1.3342500e+03   5.4000000e+01   0.0000000e+00
   5.4000000e+01   1.2862500e+03   5.4000000e+01   0.0000000e+00
   4.4000000e+01   1.5267500e+03   5.4000000e+01   0.0000000e+00
   3.9000000e+01   1.3410000e+03   5.4000000e+01   0.0000000e+00
   3.7000000e+01   1.2845000e+03   5.4000000e+01   0.0000000e+00
   3.6000000e+01   1.2435000e+03   5.4000000e+01   4.7460500e-01
   3.8000000e+01   1.2917500e+03   5.4000000e+01   1.0221400e+00
   3.7000000e+01   1.2697500e+03   5.4000000e+01   4.2777500e-01
   3.5000000e+01   1.1850000e+03   5.4000000e+01   1.1412900e+00
   3.9000000e+01   1.3527500e+03   5.4000000e+01   2.8601700e+00
   4.6000000e+01   1.5702500e+03   5.4000000e+01   2.4233200e+00
   5.0000000e+01   1.6992500e+03   5.5000000e+01   1.7536700e+00
   4.8000000e+01   1.6687500e+03   5.5000000e+01   0.0000000e+00
   4.7000000e+01   1.6042500e+03   5.5000000e+01   1.1152300e+00
   4.7000000e+01   1.6102500e+03   5.5000000e+01   1.6022400e+00
   4.3000000e+01   1.4695000e+03   5.5000000e+01   0.0000000e+00
   3.7000000e+01   1.2860000e+03   5.5000000e+01   0.0000000e+00
   3.2000000e+01   1.1087500e+03   5.5000000e+01   0.0000000e+00
   3.3000000e+01   1.1305000e+03   5.5000000e+01   2.8761400e+00
   3.9000000e+01   1.3375000e+03   5.6000000e+01   2.1052000e+00
   4.1000000e+01   1.4172500e+03   5.6000000e+01   1.3055200e+00
   4.4000000e+01   1.5202500e+03   5.6000000e+01   1.0557900e+00
   4.5000000e+01   1.5422500e+03   5.6000000e+01   7.1871800e-01
   4.4000000e+01   1.5010000e+03   5.6000000e+01   0.0000000e+00
   3.5000000e+01   8.9800000e+02   5.6000000e+01   2.9573400e-01
   2.9000000e+01   1.6350000e+03   5.6000000e+01   1.7466600e+00
   3.4000000e+01   1.1470000e+03   5.7000000e+01   0.0000000e+00
   3.9000000e+01   1.3382500e+03   5.7000000e+01   2.1929700e+00
   4.3000000e+01   1.4660000e+03   5.7000000e+01   1.3547300e+00
   4.1000000e+01   1.4170000e+03   5.7000000e+01   0.0000000e+00
   3.8000000e+01   1.2937500e+03   5.7000000e+01   0.0000000e+00
   3.0000000e+01   1.7130000e+03   5.7000000e+01   0.0000000e+00
   3.1000000e+01   1.7220000e+03   5.7000000e+01   5.2871900e-01
   3.2000000e+01   1.8127500e+03   5.7000000e+01   1.4026200e+00
   3.4000000e+01   1.9205000e+03   5.7000000e+01   1.6090100e+00
   3.3000000e+01   1.1175000e+03   5.7000000e+01   5.5300600e-01
   3.2000000e+01   1.1057500e+03   5.8000000e+01   0.0000000e+00
   2.6000000e+01   9.9825000e+02   5.8000000e+01   3.3936700e-01
   2.8000000e+01   1.5725000e+03   5.8000000e+01   2.4214300e+00
   3.2000000e+01   9.5725000e+02   5.8000000e+01   0.0000000e+00
   3.9000000e+01   1.3402500e+03   5.8000000e+01   2.7018800e+00
   4.3000000e+01   1.4757500e+03   5.8000000e+01   1.0881900e+00
   4.3000000e+01   1.4910000e+03   5.8000000e+01   5.8546500e-01
   4.4000000e+01   1.5297500e+03   5.8000000e+01   9.1094500e-01
   4.5000000e+01   1.5427500e+03   5.8000000e+01   6.4962100e-01
   4.4000000e+01   1.5205000e+03   5.8000000e+01   9.7608300e-01
   3.9000000e+01   1.3465000e+03   5.9000000e+01   0.0000000e+00
   3.5000000e+01   1.2030000e+03   5.9000000e+01   0.0000000e+00
   2.5000000e+01   9.7925000e+02   5.9000000e+01   0.0000000e+00
   7.0000000e+00   9.1325000e+02   5.9000000e+01   2.5483700e-01
   1.1000000e+01   1.2575000e+03   5.9000000e+01   2.4475500e+00
   1.7000000e+01   1.8900000e+03   5.9000000e+01   2.4307000e+00
   2.2000000e+01   1.2442500e+03   5.9000000e+01   3.7246300e+00
   2.6000000e+01   1.4550000e+03   5.9000000e+01   0.0000000e+00
   2.0000000e+01   1.1130000e+03   5.9000000e+01   0.0000000e+00
   2.6000000e+01   1.4700000e+03   6.0000000e+01   1.8449100e+00
   3.1000000e+01   1.7715000e+03   6.0000000e+01   1.0540400e+00
   3.4000000e+01   1.1827500e+03   6.0000000e+01   2.8721500e+00
   4.0000000e+01   1.3810000e+03   6.0000000e+01   2.1169300e+00
   4.2000000e+01   1.4395000e+03   6.0000000e+01   1.1762200e+00
   4.0000000e+01   1.3862500e+03   6.0000000e+01   0.0000000e+00
   3.8000000e+01   1.2762500e+03   6.1000000e+01   3.0898500e-01
   3.3000000e+01   1.1487500e+03   6.1000000e+01   0.0000000e+00
   2.3000000e+01   1.2740000e+03   6.1000000e+01   0.0000000e+00
   1.1000000e+01   9.1250000e+02   6.1000000e+01   2.6300900e-01
   1.3000000e+01   9.8500000e+02   6.1000000e+01   2.4422200e+00
   2.0000000e+01   1.1302500e+03   6.1000000e+01   2.7931900e+00
   2.1000000e+01   1.1567500e+03   6.2000000e+01   4.1326500e-01
   2.3000000e+01   1.3065000e+03   6.2000000e+01   1.0397100e+00
   2.3000000e+01   1.2810000e+03   6.2000000e+01   2.7876500e-01
   2.0000000e+01   1.1162500e+03   6.2000000e+01   0.0000000e+00
   1.2000000e+01   9.1825000e+02   6.2000000e+01   2.4637500e-01
   8.0000000e+00   9.1775000e+02   6.2000000e+01   2.5674100e-01
   7.0000000e+00   8.7325000e+02   6.2000000e+01   5.2555600e-01
   5.0000000e+00   9.2025000e+02   6.2000000e+01   2.3418600e-01
   1.0000000e+00   9.2050000e+02   6.2000000e+01   2.3935700e-01
   0.0000000e+00   7.8025000e+02   6.2000000e+01   3.7399600e-01
   0.0000000e+00   7.8000000e+02   6.3000000e+01   3.7135200e-01
   0.0000000e+00   7.8125000e+02   6.3000000e+01   3.7012900e-01
   0.0000000e+00   7.8075000e+02   6.3000000e+01   3.9456600e-01
   0.0000000e+00   7.7950000e+02   6.3000000e+01   3.7815100e-01
   0.0000000e+00   7.8125000e+02   6.1000000e+01   4.2177300e-01
   0.0000000e+00   7.7900000e+02   6.1000000e+01   4.6105400e-01
   0.0000000e+00   7.8150000e+02   6.1000000e+01   4.3233400e-01
   0.0000000e+00   7.8300000e+02   6.1000000e+01   4.3441200e-01
   0.0000000e+00   7.5525000e+02   6.2000000e+01   4.0169900e-01
   1.0000000e+00   9.9125000e+02   6.2000000e+01   5.3595700e-01
   1.0000000e+00   9.0400000e+02   6.2000000e+01   5.0547100e-01
   2.0000000e+00   9.1700000e+02   6.2000000e+01   5.3020800e-01
   1.0000000e+00   9.4050000e+02   6.2000000e+01   4.8453200e-01
   2.0000000e+00   9.3450000e+02   6.2000000e+01   6.1876700e-01
   1.0000000e+00   9.2925000e+02   6.2000000e+01   2.2370500e-01
   6.0000000e+00   9.9975000e+02   6.2000000e+01   1.8483700e+00
   1.2000000e+01   1.3197500e+03   6.2000000e+01   3.1195200e-01
   8.0000000e+00   9.1050000e+02   6.2000000e+01   2.3594100e-01
   1.4000000e+01   1.5105000e+03   6.2000000e+01   8.3484200e-01
   1.8000000e+01   1.0165000e+03   6.2000000e+01   2.8770000e+00
   2.4000000e+01   1.3605000e+03   6.2000000e+01   1.2238000e+00
   2.5000000e+01   1.4037500e+03   6.3000000e+01   3.1535700e-02
   2.0000000e+01   1.1280000e+03   6.3000000e+01   1.5329200e-01
   1.6000000e+01   8.9925000e+02   6.3000000e+01   1.1150600e-01
   7.0000000e+00   9.2125000e+02   6.3000000e+01   2.4607500e-01
   1.4000000e+01   1.5550000e+03   6.3000000e+01   1.6090100e+00
   2.1000000e+01   1.1587500e+03   6.3000000e+01   3.9846700e+00
   2.8000000e+01   1.5640000e+03   6.3000000e+01   8.1667300e-01
   3.0000000e+01   1.7012500e+03   6.3000000e+01   8.4558800e-01
   3.2000000e+01   1.1162500e+03   6.4000000e+01   2.3184900e+00
   3.5000000e+01   1.1942500e+03   6.4000000e+01   1.2281800e-01
   3.6000000e+01   1.2245000e+03   6.4000000e+01   4.2226900e-01
   3.2000000e+01   1.1035000e+03   6.4000000e+01   0.0000000e+00
   1.8000000e+01   9.1100000e+02   6.4000000e+01   2.5588700e-01
   7.0000000e+00   9.1850000e+02   6.5000000e+01   2.2973000e-01
   5.0000000e+00   1.2960000e+03   6.5000000e+01   1.5414200e+00
   1.8000000e+01   1.9137500e+03   6.5000000e+01   2.6515800e+00
   2.3000000e+01   1.3157500e+03   6.5000000e+01   3.9487700e-01
   1.6000000e+01   9.0625000e+02   6.5000000e+01   2.6491400e-01
   3.0000000e+00   9.2050000e+02   6.5000000e+01   2.4912300e-01
   0.0000000e+00   9.1575000e+02   6.5000000e+01   5.2185100e-01
   5.0000000e+00   9.1650000e+02   6.5000000e+01   1.9057600e-01
   7.0000000e+00   1.6370000e+03   6.6000000e+01   1.8616700e+00
   1.7000000e+01   1.6630000e+03   6.6000000e+01   2.5991500e-01
   2.7000000e+01   1.5270000e+03   6.6000000e+01   3.3819600e+00
   3.3000000e+01   1.4392500e+03   6.6000000e+01   1.5917600e+00
   4.1000000e+01   1.3945000e+03   6.6000000e+01   2.9350000e+00
   4.3000000e+01   1.4575000e+03   6.6000000e+01   3.7628100e-01
   4.3000000e+01   1.4672500e+03   6.6000000e+01   7.0978400e-01
   4.3000000e+01   1.4752500e+03   6.7000000e+01   7.5983500e-01
   4.3000000e+01   1.4850000e+03   6.7000000e+01   7.5734100e-01
   4.4000000e+01   1.5110000e+03   6.7000000e+01   9.7969600e-01
   4.4000000e+01   1.5092500e+03   6.7000000e+01   7.0020300e-01
   4.3000000e+01   1.4910000e+03   6.8000000e+01   2.6432500e-01
   3.9000000e+01   1.3460000e+03   6.8000000e+01   0.0000000e+00
   3.4000000e+01   1.1855000e+03   6.8000000e+01   0.0000000e+00
   1.6000000e+01   1.4565000e+03   6.8000000e+01   4.5975500e+00
   2.5000000e+01   1.3852500e+03   6.8000000e+01   2.6266300e+00
   2.6000000e+01   1.4642500e+03   6.8000000e+01   7.0648300e-01
   3.0000000e+01   1.6967500e+03   6.8000000e+01   1.7782100e+00
   3.2000000e+01   1.0945000e+03   6.8000000e+01   1.3099200e+00
   3.5000000e+01   1.1882500e+03   6.9000000e+01   2.1851700e+00
   3.0000000e+01   1.0222500e+03   6.9000000e+01   7.9889700e-02
   2.3000000e+01   9.2550000e+02   6.9000000e+01   2.3152000e-01
   1.6000000e+01   8.7475000e+02   6.9000000e+01   7.3136900e-01
   2.3000000e+01   1.3017500e+03   6.9000000e+01   4.6702700e+00
   3.4000000e+01   1.9050000e+03   6.9000000e+01   3.6460400e+00
   3.9000000e+01   1.9830000e+03   6.9000000e+01   3.0553400e-01
   4.2000000e+01   1.4517500e+03   6.9000000e+01   2.9084400e+00
   4.7000000e+01   1.5980000e+03   7.0000000e+01   2.3649900e+00
   4.9000000e+01   1.6870000e+03   7.0000000e+01   1.9697100e+00
   5.1000000e+01   1.7415000e+03   7.0000000e+01   1.9687300e+00
   5.3000000e+01   1.2495000e+03   7.0000000e+01   3.0543000e+00
   5.6000000e+01   1.3175000e+03   7.1000000e+01   2.9428400e+00
   5.7000000e+01   1.3542500e+03   7.1000000e+01   2.7564500e+00
   5.9000000e+01   1.3952500e+03   7.1000000e+01   2.5516200e+00
   6.0000000e+01   1.3952500e+03   7.1000000e+01   1.7691400e+00
   5.8000000e+01   1.3682500e+03   7.2000000e+01   1.3068200e+00
   5.6000000e+01   1.3197500e+03   7.2000000e+01   0.0000000e+00
   5.5000000e+01   1.2917500e+03   7.2000000e+01   1.9300000e+00
   5.3000000e+01   1.2440000e+03   7.2000000e+01   1.2080100e+00
   4.9000000e+01   1.1600000e+03   7.3000000e+01   0.0000000e+00
   4.2000000e+01   1.4410000e+03   7.3000000e+01   0.0000000e+00
   3.1000000e+01   1.7365000e+03   7.3000000e+01   0.0000000e+00
   1.8000000e+01   9.1800000e+02   7.3000000e+01   2.1954900e-01
   8.0000000e+00   9.1950000e+02   7.3000000e+01   2.1591300e-01
   4.0000000e+00   1.3665000e+03   7.3000000e+01   1.4870100e+00
   1.6000000e+01   1.7670000e+03   7.3000000e+01   1.8736700e+00
   1.8000000e+01   1.9297500e+03   7.3000000e+01   7.2398200e-01
   2.1000000e+01   2.3025000e+03   7.3000000e+01   5.3245600e+00
   2.9000000e+01   1.6067500e+03   7.3000000e+01   3.4759100e+00
   3.3000000e+01   1.8120000e+03   7.3000000e+01   1.8305200e+00
   3.6000000e+01   1.2222500e+03   7.3000000e+01   4.0229100e+00
   3.4000000e+01   1.1735000e+03   7.3000000e+01   1.8375700e+00
   3.5000000e+01   1.2195000e+03   7.3000000e+01   1.6375500e+00
   3.9000000e+01   1.3350000e+03   7.3000000e+01   4.6536800e+00
   4.6000000e+01   1.5687500e+03   7.4000000e+01   2.9491800e+00
   4.9000000e+01   1.6957500e+03   7.4000000e+01   2.5419000e+00
   5.0000000e+01   1.1657500e+03   7.4000000e+01   2.9875000e+00
   5.2000000e+01   1.2240000e+03   7.4000000e+01   4.6287200e+00
   5.4000000e+01   1.2880000e+03   7.4000000e+01   4.8576200e+00
   5.8000000e+01   1.3622500e+03   7.5000000e+01   4.1768100e+00
   6.1000000e+01   1.4335000e+03   7.5000000e+01   3.4994000e+00
   6.3000000e+01   1.4820000e+03   7.6000000e+01   2.6698200e+00
   6.3000000e+01   1.4415000e+03   7.6000000e+01   9.5547800e-01
   6.2000000e+01   1.4552500e+03   7.7000000e+01   1.9566200e+00
   6.2000000e+01   1.4707500e+03   7.7000000e+01   2.7985000e+00
   6.1000000e+01   1.4472500e+03   7.7000000e+01   2.7238900e+00
   6.2000000e+01   1.4650000e+03   7.7000000e+01   3.1055500e+00
   5.9000000e+01   1.3912500e+03   7.8000000e+01   6.6414300e-01
   5.8000000e+01   1.3850000e+03   7.8000000e+01   4.9589100e-01
   5.8000000e+01   1.3725000e+03   7.8000000e+01   1.3842700e+00
   5.9000000e+01   1.3895000e+03   7.8000000e+01   0.0000000e+00
   5.7000000e+01   1.3460000e+03   7.8000000e+01   8.6711600e-01
   5.5000000e+01   1.3057500e+03   7.8000000e+01   0.0000000e+00
   5.4000000e+01   1.2847500e+03   7.8000000e+01   2.9527200e-01
   5.8000000e+01   1.3635000e+03   7.8000000e+01   1.7034800e+00
   5.7000000e+01   1.3537500e+03   7.8000000e+01   2.8694700e+00
   5.6000000e+01   1.3232500e+03   7.8000000e+01   3.7552500e+00
   5.5000000e+01   1.2920000e+03   7.8000000e+01   3.9467200e+00
   5.2000000e+01   1.2297500e+03   7.8000000e+01   2.4929400e+00
   4.4000000e+01   1.0407500e+03   7.8000000e+01   5.6099300e-02
   3.3000000e+01   1.1327500e+03   7.8000000e+01   0.0000000e+00
   2.2000000e+01   1.2285000e+03   7.8000000e+01   0.0000000e+00
   2.7000000e+01   1.4960000e+03   7.8000000e+01   3.6511300e+00
   3.3000000e+01   1.3112500e+03   7.8000000e+01   0.0000000e+00
   3.9000000e+01   1.3457500e+03   7.8000000e+01   4.9774200e+00
   4.9000000e+01   1.6947500e+03   7.8000000e+01   5.9017500e+00
   5.7000000e+01   1.9482500e+03   7.8000000e+01   5.0238800e+00
   6.1000000e+01   1.4262500e+03   7.8000000e+01   5.8795200e+00
   6.6000000e+01   1.5652500e+03   7.8000000e+01   6.5825800e+00
   7.2000000e+01   1.6945000e+03   7.8000000e+01   5.4480400e+00
   7.6000000e+01   1.7922500e+03   7.9000000e+01   5.2795700e+00
   7.9000000e+01   1.8540000e+03   7.9000000e+01   4.7128700e+00
   7.8000000e+01   1.4107500e+03   7.9000000e+01   5.6847400e+00
   8.1000000e+01   1.4650000e+03   7.9000000e+01   6.1233100e+00
   8.4000000e+01   1.5247500e+03   8.0000000e+01   6.1870900e+00
   8.8000000e+01   1.5932500e+03   8.0000000e+01   5.5425200e+00
   9.0000000e+01   1.6317500e+03   8.0000000e+01   3.3047700e+00
   9.0000000e+01   1.6197500e+03   8.0000000e+01   2.5021200e+00
   9.1000000e+01   1.6465000e+03   8.1000000e+01   5.3076900e+00
   9.3000000e+01   1.6765000e+03   8.1000000e+01   3.9845100e+00
   9.4000000e+01   1.7012500e+03   8.1000000e+01   4.9305900e+00
   9.6000000e+01   1.7285000e+03   8.1000000e+01   4.7532300e+00
   9.7000000e+01   1.7587500e+03   8.1000000e+01   4.7991300e+00
   9.8000000e+01   1.7810000e+03   8.2000000e+01   4.6083700e+00
   9.9000000e+01   1.7965000e+03   8.2000000e+01   4.4810900e+00
   1.0000000e+02   1.8055000e+03   8.2000000e+01   4.5203600e+00
   1.0000000e+02   1.8157500e+03   8.2000000e+01   4.5974500e+00
   1.0100000e+02   1.8340000e+03   8.2000000e+01   4.1002700e+00
   1.0300000e+02   1.8577500e+03   8.2000000e+01   4.3241800e+00
   1.0400000e+02   1.8862500e+03   8.2000000e+01   4.3996400e+00
   1.0500000e+02   1.8947500e+03   8.2000000e+01   4.6388800e+00
   1.0500000e+02   1.8932500e+03   8.2000000e+01   5.0777800e+00
   1.0500000e+02   1.9057500e+03   8.2000000e+01   5.8285900e+00
   1.0600000e+02   1.9202500e+03   8.2000000e+01   5.9357600e+00
   1.0700000e+02   1.9307500e+03   8.2000000e+01   5.8985100e+00
   1.0700000e+02   1.9445000e+03   8.2000000e+01   6.1700100e+00
   1.0800000e+02   1.9655000e+03   8.2000000e+01   5.9125400e+00
   1.0900000e+02   1.9705000e+03   8.2000000e+01   6.1248700e+00
   1.0900000e+02   1.9827500e+03   8.2000000e+01   5.7531400e+00
   1.0900000e+02   1.9777500e+03   8.2000000e+01   5.9318400e+00
   1.0900000e+02   1.9732500e+03   8.2000000e+01   5.9735400e+00
   1.0800000e+02   1.9627500e+03   8.2000000e+01   5.8078800e+00
   1.0800000e+02   1.9485000e+03   8.2000000e+01   5.7844700e+00
   1.0800000e+02   1.9505000e+03   8.2000000e+01   6.3451400e+00
   1.0800000e+02   1.9572500e+03   8.2000000e+01   6.3752100e+00
   1.0800000e+02   1.9582500e+03   8.2000000e+01   6.2531400e+00
   1.0800000e+02   1.9622500e+03   8.2000000e+01   6.3500900e+00
   1.0800000e+02   1.9662500e+03   8.2000000e+01   6.1086000e+00
   1.0800000e+02   1.9560000e+03   8.2000000e+01   5.9966800e+00
   1.0800000e+02   1.9627500e+03   8.2000000e+01   5.3293900e+00
   1.0900000e+02   1.9625000e+03   8.2000000e+01   5.6782000e+00
   1.0900000e+02   1.9622500e+03   8.3000000e+01   5.0896000e+00
   1.0800000e+02   1.9597500e+03   8.2000000e+01   4.9943000e+00
   1.0900000e+02   1.9697500e+03   8.3000000e+01   5.1170500e+00
   1.0900000e+02   1.9657500e+03   8.3000000e+01   4.8826900e+00
   1.0900000e+02   1.9655000e+03   8.3000000e+01   3.9020200e+00
   1.0900000e+02   1.9645000e+03   8.3000000e+01   4.0337800e+00
   1.0900000e+02   1.9677500e+03   8.3000000e+01   4.2339800e+00
   1.0900000e+02   1.9630000e+03   8.3000000e+01   3.9759000e+00
   1.0800000e+02   1.9612500e+03   8.3000000e+01   4.1050700e+00
   1.0800000e+02   1.9625000e+03   8.4000000e+01   4.1347000e+00
   1.0800000e+02   1.9635000e+03   8.4000000e+01   4.0852800e+00
   1.0900000e+02   1.9647500e+03   8.4000000e+01   3.8309900e+00
   1.0800000e+02   1.9605000e+03   8.4000000e+01   4.7609900e+00
   1.0800000e+02   1.9587500e+03   8.3000000e+01   4.6171900e+00
   1.0800000e+02   1.9600000e+03   8.3000000e+01   4.9834900e+00
   1.0800000e+02   1.9555000e+03   8.2000000e+01   5.0776800e+00
   1.0900000e+02   1.9590000e+03   8.2000000e+01   5.9257500e+00
   1.0800000e+02   1.9640000e+03   8.2000000e+01   5.3604200e+00
   1.0800000e+02   1.9645000e+03   8.1000000e+01   5.9191900e+00
   1.0900000e+02   1.9625000e+03   8.1000000e+01   4.9938200e+00
   1.0900000e+02   1.9622500e+03   8.1000000e+01   4.8358300e+00
   1.0800000e+02   1.9637500e+03   8.1000000e+01   4.8493900e+00
   1.0800000e+02   1.9622500e+03   8.1000000e+01   5.1594800e+00
   1.0800000e+02   1.9605000e+03   8.1000000e+01   4.8780100e+00
   1.0800000e+02   1.9592500e+03   8.1000000e+01   5.6542500e+00
   1.0900000e+02   1.9630000e+03   8.1000000e+01   4.8500300e+00
   1.0900000e+02   1.9680000e+03   8.1000000e+01   4.2704200e+00
   1.0900000e+02   1.9700000e+03   8.1000000e+01   3.2771500e+00
   1.0900000e+02   1.9647500e+03   8.1000000e+01   3.0241600e+00
   1.0800000e+02   1.9607500e+03   8.1000000e+01   3.1856000e+00
   1.0800000e+02   1.9585000e+03   8.1000000e+01   3.1466400e+00
   1.0800000e+02   1.9635000e+03   8.1000000e+01   3.6075400e+00
   1.0900000e+02   1.9625000e+03   8.1000000e+01   3.3088900e+00
   1.0900000e+02   1.9645000e+03   8.0000000e+01   3.7967300e+00
   1.0800000e+02   1.9642500e+03   8.0000000e+01   4.4044900e+00
   1.0800000e+02   1.9630000e+03   8.0000000e+01   5.1939400e+00
   1.0800000e+02   1.9642500e+03   8.0000000e+01   5.5446900e+00
   1.0800000e+02   1.9622500e+03   8.0000000e+01   5.2199400e+00
   1.0900000e+02   1.9670000e+03   8.0000000e+01   4.3886300e+00
   1.0900000e+02   1.9662500e+03   8.0000000e+01   3.7142400e+00
   1.0900000e+02   1.9702500e+03   8.0000000e+01   3.8759300e+00
   1.0900000e+02   1.9652500e+03   8.0000000e+01   4.0778100e+00
   1.0800000e+02   1.9652500e+03   8.0000000e+01   4.2026000e+00
   1.0800000e+02   1.9620000e+03   8.0000000e+01   4.2339800e+00
   1.0800000e+02   1.9597500e+03   8.0000000e+01   4.5947800e+00
   1.0800000e+02   1.9597500e+03   8.0000000e+01   4.4297100e+00
   1.0800000e+02   1.9647500e+03   8.0000000e+01   4.5535700e+00
   1.0800000e+02   1.9592500e+03   8.0000000e+01   4.6189300e+00
   1.0800000e+02   1.9570000e+03   8.0000000e+01   5.2995500e+00
   1.0800000e+02   1.9550000e+03   8.0000000e+01   5.8622600e+00
   1.0800000e+02   1.9585000e+03   8.0000000e+01   6.9379700e+00
   1.0800000e+02   1.9617500e+03   8.0000000e+01   7.6604400e+00
   1.0800000e+02   1.9652500e+03   8.0000000e+01   6.5642000e+00
   1.0900000e+02   1.9637500e+03   8.0000000e+01   5.6255200e+00
   1.0900000e+02   1.9667500e+03   8.0000000e+01   5.2414800e+00
   1.0900000e+02   1.9692500e+03   8.1000000e+01   4.6012900e+00
   1.0900000e+02   1.9697500e+03   8.1000000e+01   3.5738300e+00
   1.0900000e+02   1.9702500e+03   8.1000000e+01   2.5705200e+00
   1.0900000e+02   1.9700000e+03   8.1000000e+01   1.8997400e+00
   1.0900000e+02   1.9642500e+03   8.1000000e+01   1.9672900e+00
   1.0800000e+02   1.9612500e+03   8.1000000e+01   2.0451000e+00
   1.0800000e+02   1.9587500e+03   8.1000000e+01   2.7968300e+00
   1.0800000e+02   1.9585000e+03   8.1000000e+01   3.1658600e+00
   1.0800000e+02   1.9632500e+03   8.1000000e+01   3.6094700e+00
   1.0800000e+02   1.9680000e+03   8.1000000e+01   3.4157200e+00
   1.0900000e+02   1.9705000e+03   8.0000000e+01   3.8787100e+00
   1.0900000e+02   1.9657500e+03   8.0000000e+01   3.7213700e+00
   1.0800000e+02   1.9600000e+03   8.0000000e+01   3.9092900e+00
   1.0800000e+02   1.9597500e+03   8.0000000e+01   4.2223700e+00
   1.0800000e+02   1.9612500e+03   8.0000000e+01   4.1382100e+00
   1.0800000e+02   1.9592500e+03   8.0000000e+01   3.4672400e+00
   1.0800000e+02   1.9540000e+03   8.0000000e+01   4.3464500e+00
   1.0800000e+02   1.9617500e+03   8.0000000e+01   4.1806500e+00
   1.0900000e+02   1.9670000e+03   8.0000000e+01   4.0639700e+00
   1.0900000e+02   1.9642500e+03   8.0000000e+01   3.8055200e+00
   1.0900000e+02   1.9655000e+03   8.0000000e+01   3.5858300e+00
   1.0900000e+02   1.9602500e+03   8.0000000e+01   3.8375000e+00
   1.0800000e+02   1.9620000e+03   8.0000000e+01   3.9872200e+00
   1.0900000e+02   1.9640000e+03   8.0000000e+01   3.8615800e+00
   1.0900000e+02   1.9620000e+03   8.0000000e+01   4.0377700e+00
   1.0800000e+02   1.9637500e+03   8.0000000e+01   4.5392000e+00
   1.0800000e+02   1.9565000e+03   8.0000000e+01   4.7606400e+00
   1.0800000e+02   1.9510000e+03   8.0000000e+01   5.8116500e+00
   1.0800000e+02   1.9602500e+03   8.0000000e+01   5.3484500e+00
   1.0900000e+02   1.9665000e+03   8.0000000e+01   4.6855700e+00
   1.0900000e+02   1.9675000e+03   8.0000000e+01   3.5522200e+00
   1.0900000e+02   1.9652500e+03   8.0000000e+01   2.8991400e+00
   1.0900000e+02   1.9662500e+03   8.0000000e+01   3.3534400e+00
   1.0900000e+02   1.9657500e+03   8.0000000e+01   3.8933000e+00
   1.0800000e+02   1.9635000e+03   8.0000000e+01   4.7885300e+00
   1.0800000e+02   1.9617500e+03   8.0000000e+01   4.2496300e+00
   1.0800000e+02   1.9620000e+03   8.0000000e+01   4.7167000e+00
   1.0800000e+02   1.9592500e+03   8.0000000e+01   4.4880600e+00
   1.0800000e+02   1.9592500e+03   8.0000000e+01   4.2990800e+00
   1.0800000e+02   1.9600000e+03   8.0000000e+01   4.9551000e+00
   1.0800000e+02   1.9552500e+03   8.0000000e+01   5.3126800e+00
   1.0800000e+02   1.9540000e+03   8.0000000e+01   5.5850000e+00
   1.0800000e+02   1.9550000e+03   8.0000000e+01   6.8488800e+00
   1.0800000e+02   1.9620000e+03   8.0000000e+01   5.7776100e+00
   1.0800000e+02   1.9650000e+03   8.0000000e+01   5.2052800e+00
   1.0900000e+02   1.9655000e+03   8.0000000e+01   4.9839300e+00
   1.0900000e+02   1.9687500e+03   8.0000000e+01   4.2438100e+00
   1.0900000e+02   1.9665000e+03   8.1000000e+01   4.1848700e+00
   1.0900000e+02   1.9630000e+03   8.1000000e+01   4.2898700e+00
   1.0900000e+02   1.9677500e+03   8.1000000e+01   4.0605000e+00
   1.0900000e+02   1.9667500e+03   8.1000000e+01   4.3017100e+00
   1.0900000e+02   1.9620000e+03   8.1000000e+01   3.8848500e+00
   1.0800000e+02   1.9602500e+03   8.1000000e+01   3.8995300e+00
   1.0800000e+02   1.9635000e+03   8.1000000e+01   3.6707500e+00
   1.0700000e+02   1.9397500e+03   8.1000000e+01   3.3613500e-02
   1.0300000e+02   1.8712500e+03   8.1000000e+01   3.2797400e+00
   1.0400000e+02   1.8760000e+03   8.1000000e+01   3.5185400e+00
   1.0700000e+02   1.9392500e+03   8.1000000e+01   7.5917700e+00
   1.0900000e+02   1.9830000e+03   8.1000000e+01   6.5225900e+00
   1.1000000e+02   1.9965000e+03   8.1000000e+01   6.1137200e+00
   1.1100000e+02   2.0047500e+03   8.1000000e+01   5.8649900e+00
   1.1100000e+02   2.0112500e+03   8.1000000e+01   5.1453300e+00
   1.1100000e+02   2.0140000e+03   8.1000000e+01   5.3531600e+00
   1.1100000e+02   2.0180000e+03   8.1000000e+01   5.6662700e+00
   1.1100000e+02   2.0152500e+03   8.1000000e+01   5.2432100e+00
   1.1200000e+02   2.0210000e+03   8.1000000e+01   5.4907000e+00
   1.1100000e+02   2.0152500e+03   8.1000000e+01   5.3877700e+00
   1.1100000e+02   2.0147500e+03   8.1000000e+01   5.7900100e+00
   1.1100000e+02   2.0165000e+03   8.1000000e+01   5.7960500e+00
   1.1100000e+02   2.0197500e+03   8.1000000e+01   4.7912100e+00
   1.1100000e+02   2.0182500e+03   8.1000000e+01   4.4334200e+00
   1.1200000e+02   2.0205000e+03   8.1000000e+01   4.7066300e+00
   1.1100000e+02   2.0097500e+03   8.1000000e+01   6.7950900e+00
   1.1100000e+02   2.0090000e+03   8.1000000e+01   1.1845100e+01
   1.1200000e+02   2.0215000e+03   8.1000000e+01   7.9198500e+00
   1.1100000e+02   2.0200000e+03   8.1000000e+01   5.7174200e+00
   1.1200000e+02   2.0170000e+03   8.1000000e+01   4.2077300e+00
   1.1100000e+02   2.0112500e+03   8.1000000e+01   6.0973300e+00
   1.0800000e+02   1.9557500e+03   8.1000000e+01   0.0000000e+00
   1.0200000e+02   1.8532500e+03   8.1000000e+01   0.0000000e+00
   9.6000000e+01   1.7387500e+03   8.1000000e+01   0.0000000e+00
   8.8000000e+01   1.5940000e+03   8.2000000e+01   0.0000000e+00
   8.0000000e+01   1.4435000e+03   8.2000000e+01   0.0000000e+00
   7.3000000e+01   1.3277500e+03   8.2000000e+01   0.0000000e+00
   6.9000000e+01   1.2450000e+03   8.2000000e+01   0.0000000e+00
   6.7000000e+01   1.2197500e+03   8.2000000e+01   1.9907400e+00
   6.9000000e+01   1.2475000e+03   8.2000000e+01   2.2208300e+00
   7.2000000e+01   1.3045000e+03   8.2000000e+01   1.8604200e+00
   7.6000000e+01   1.3595000e+03   8.3000000e+01   1.6737700e+00
   7.9000000e+01   1.4215000e+03   8.3000000e+01   1.8136500e-01
   8.1000000e+01   1.4575000e+03   8.3000000e+01   2.3640200e-01
   8.1000000e+01   1.4662500e+03   8.3000000e+01   5.6390200e-01
   7.9000000e+01   1.4352500e+03   8.3000000e+01   2.2734100e-01
   7.8000000e+01   1.4152500e+03   8.3000000e+01   1.1465700e+00
   7.6000000e+01   1.3795000e+03   8.3000000e+01   0.0000000e+00
   7.7000000e+01   1.3840000e+03   8.2000000e+01   1.5647900e+00
   8.0000000e+01   1.4517500e+03   8.2000000e+01   2.1070600e+00
   8.3000000e+01   1.5035000e+03   8.2000000e+01   1.9084900e+00
   8.4000000e+01   1.5127500e+03   8.2000000e+01   1.8249100e+00
   8.5000000e+01   1.5297500e+03   8.1000000e+01   2.4179500e+00
   8.6000000e+01   1.5522500e+03   8.1000000e+01   3.0889900e+00
   8.8000000e+01   1.5860000e+03   8.1000000e+01   3.2160900e+00
   9.0000000e+01   1.6245000e+03   8.1000000e+01   3.7937000e+00
   9.2000000e+01   1.6712500e+03   8.1000000e+01   4.2785100e+00
   9.5000000e+01   1.7172500e+03   8.1000000e+01   3.0793500e+00
   9.7000000e+01   1.7422500e+03   8.1000000e+01   3.5792800e+00
   9.8000000e+01   1.7745000e+03   8.0000000e+01   3.6952700e+00
   1.0000000e+02   1.8017500e+03   8.0000000e+01   3.5164800e+00
   1.0100000e+02   1.8245000e+03   8.0000000e+01   3.6977800e+00
   1.0000000e+02   1.8180000e+03   8.0000000e+01   0.0000000e+00
   1.0000000e+02   1.8132500e+03   8.0000000e+01   4.1215700e+00
   1.0200000e+02   1.8382500e+03   8.0000000e+01   1.3788000e+00
   1.0100000e+02   1.8210000e+03   8.0000000e+01   1.3562500e+00
   1.0100000e+02   1.8310000e+03   8.0000000e+01   4.1085200e+00
   1.0000000e+02   1.8112500e+03   8.0000000e+01   2.5147100e+00
   1.0100000e+02   1.8397500e+03   8.0000000e+01   5.6346600e+00
   1.0400000e+02   1.8745000e+03   8.0000000e+01   6.1945700e+00
   1.0600000e+02   1.9162500e+03   8.0000000e+01   6.9772500e+00
   1.0800000e+02   1.9617500e+03   8.0000000e+01   5.2961500e+00
   1.1000000e+02   1.9887500e+03   8.0000000e+01   5.6847400e+00
   1.1100000e+02   2.0062500e+03   8.0000000e+01   5.4090200e+00
   1.1100000e+02   2.0170000e+03   8.0000000e+01   5.3367800e+00
   1.0800000e+02   1.9572500e+03   8.0000000e+01   0.0000000e+00
   1.0700000e+02   1.9382500e+03   8.0000000e+01   4.6517500e+00
   1.0700000e+02   1.9435000e+03   8.0000000e+01   3.9386600e+00
   1.0800000e+02   1.9467500e+03   8.0000000e+01   4.9266800e+00
   1.0800000e+02   1.9507500e+03   8.0000000e+01   4.1282900e+00
   1.0800000e+02   1.9497500e+03   8.0000000e+01   4.2898700e+00
   1.0800000e+02   1.9512500e+03   8.0000000e+01   4.1092700e+00
   1.0800000e+02   1.9507500e+03   8.0000000e+01   4.4486800e+00
   1.0800000e+02   1.9560000e+03   8.0000000e+01   4.0403100e+00
   1.0800000e+02   1.9585000e+03   8.0000000e+01   3.8199300e+00
   1.0800000e+02   1.9545000e+03   8.0000000e+01   3.6083700e+00
   1.0800000e+02   1.9517500e+03   8.0000000e+01   3.7736900e+00
   1.0800000e+02   1.9522500e+03   8.0000000e+01   3.1798900e+00
   1.0800000e+02   1.9540000e+03   8.0000000e+01   3.9406700e+00
   1.0800000e+02   1.9555000e+03   8.0000000e+01   4.0025900e+00
   1.0800000e+02   1.9505000e+03   8.0000000e+01   4.5308900e+00
   1.0800000e+02   1.9500000e+03   7.9000000e+01   5.1967500e+00
   1.0800000e+02   1.9507500e+03   7.9000000e+01   4.9711100e+00
   1.0800000e+02   1.9612500e+03   7.9000000e+01   4.4031600e+00
   1.0800000e+02   1.9627500e+03   7.9000000e+01   3.7599000e+00
   1.0800000e+02   1.9640000e+03   7.9000000e+01   3.3991400e+00
   1.0800000e+02   1.9597500e+03   7.9000000e+01   3.8621900e+00
   1.0800000e+02   1.9555000e+03   8.0000000e+01   4.1793300e+00
   1.0800000e+02   1.9530000e+03   7.9000000e+01   4.4039600e+00
   1.0800000e+02   1.9537500e+03   8.0000000e+01   3.9335400e+00
   1.0800000e+02   1.9512500e+03   7.9000000e+01   4.2925000e+00
   1.0800000e+02   1.9522500e+03   7.9000000e+01   5.0395900e+00
   1.0800000e+02   1.9535000e+03   7.9000000e+01   5.3346300e+00
   1.0800000e+02   1.9610000e+03   7.9000000e+01   4.8162300e+00
   1.0800000e+02   1.9592500e+03   7.9000000e+01   3.7439400e+00
   1.0800000e+02   1.9597500e+03   8.0000000e+01   3.9112000e+00
   1.0800000e+02   1.9497500e+03   8.0000000e+01   4.4017200e+00
   1.0800000e+02   1.9537500e+03   8.0000000e+01   4.0374900e+00
   1.0800000e+02   1.9502500e+03   8.0000000e+01   4.2446200e+00
   1.0800000e+02   1.9502500e+03   8.0000000e+01   4.4655600e+00
   1.0800000e+02   1.9555000e+03   8.0000000e+01   4.1723600e+00
   1.0800000e+02   1.9560000e+03   8.0000000e+01   3.7906100e+00
   1.0800000e+02   1.9505000e+03   8.0000000e+01   4.5461300e+00
   1.0800000e+02   1.9505000e+03   8.0000000e+01   5.1255000e+00
   1.0800000e+02   1.9555000e+03   8.0000000e+01   4.5923900e+00
   1.0800000e+02   1.9517500e+03   8.0000000e+01   5.2214000e+00
   1.0800000e+02   1.9552500e+03   8.0000000e+01   4.4257200e+00
   1.0800000e+02   1.9580000e+03   8.0000000e+01   4.3284800e+00
   1.0800000e+02   1.9622500e+03   8.0000000e+01   3.4362900e+00
   1.0800000e+02   1.9600000e+03   8.0000000e+01   4.2061500e+00
   1.0900000e+02   1.9610000e+03   8.0000000e+01   4.4904300e+00
   1.0900000e+02   1.9725000e+03   8.0000000e+01   4.2730700e+00
   1.0900000e+02   1.9782500e+03   8.0000000e+01   4.4109300e+00
   1.0900000e+02   1.9755000e+03   8.0000000e+01   4.6015300e+00
   1.0900000e+02   1.9822500e+03   8.0000000e+01   5.0731800e+00
   1.0900000e+02   1.9745000e+03   8.0000000e+01   5.4304200e+00
   1.0900000e+02   1.9820000e+03   8.0000000e+01   5.3784700e+00
   1.0900000e+02   1.9785000e+03   8.0000000e+01   5.2658600e+00
   1.1000000e+02   1.9827500e+03   8.0000000e+01   4.7350300e+00
   1.1000000e+02   1.9922500e+03   8.0000000e+01   4.1052300e+00
   1.0900000e+02   1.9857500e+03   8.0000000e+01   4.0388100e+00
   1.1000000e+02   1.9800000e+03   8.0000000e+01   3.9986100e+00
   1.0900000e+02   1.9840000e+03   8.0000000e+01   4.2306500e+00
   1.0900000e+02   1.9782500e+03   8.0000000e+01   5.1299300e+00
   1.0900000e+02   1.9757500e+03   8.0000000e+01   5.0672600e+00
   1.0900000e+02   1.9770000e+03   8.0000000e+01   5.6650000e+00
   1.0900000e+02   1.9817500e+03   8.0000000e+01   5.5372200e+00
   1.0900000e+02   1.9772500e+03   8.0000000e+01   6.1199100e+00
   1.0900000e+02   1.9832500e+03   8.0000000e+01   5.7323400e+00
   1.0900000e+02   1.9795000e+03   8.0000000e+01   5.7402200e+00
   1.1000000e+02   1.9800000e+03   8.0000000e+01   5.7153200e+00
   1.0900000e+02   1.9815000e+03   8.1000000e+01   6.0858200e+00
   1.1000000e+02   1.9807500e+03   8.1000000e+01   5.5431700e+00
   1.1000000e+02   1.9802500e+03   8.1000000e+01   4.8536800e+00
   1.1000000e+02   1.9867500e+03   8.1000000e+01   4.1317300e+00
   1.1000000e+02   1.9850000e+03   8.1000000e+01   3.7392200e+00
   1.0900000e+02   1.9772500e+03   8.1000000e+01   4.5057700e+00
   1.0900000e+02   1.9737500e+03   8.1000000e+01   5.3241300e+00
   1.0900000e+02   1.9762500e+03   8.1000000e+01   5.5647500e+00
   1.0900000e+02   1.9765000e+03   8.1000000e+01   5.5222200e+00
   1.0900000e+02   1.9807500e+03   8.1000000e+01   5.6395300e+00
   1.0900000e+02   1.9757500e+03   8.1000000e+01   6.1441500e+00
   1.1000000e+02   1.9815000e+03   8.1000000e+01   6.2531400e+00
   1.1000000e+02   1.9835000e+03   8.1000000e+01   5.9843000e+00
   1.1000000e+02   1.9832500e+03   8.1000000e+01   5.1597600e+00
   1.0900000e+02   1.9792500e+03   8.1000000e+01   4.5135700e+00
   1.1000000e+02   1.9900000e+03   8.1000000e+01   3.7130500e+00
   1.1000000e+02   1.9880000e+03   8.2000000e+01   2.7898000e+00
   1.0900000e+02   1.9742500e+03   8.2000000e+01   3.6534500e+00
   1.0900000e+02   1.9810000e+03   8.2000000e+01   5.1879400e+00
   1.0900000e+02   1.9770000e+03   8.2000000e+01   5.3397600e+00
   1.1000000e+02   1.9817500e+03   8.1000000e+01   4.5098600e+00
   1.1000000e+02   1.9862500e+03   8.1000000e+01   3.6868900e+00
   1.1000000e+02   1.9855000e+03   8.1000000e+01   3.7994500e+00
   1.0900000e+02   1.9805000e+03   8.1000000e+01   3.9095000e+00
   1.1000000e+02   1.9835000e+03   8.1000000e+01   4.4066400e+00
   1.0700000e+02   1.9352500e+03   8.1000000e+01   0.0000000e+00
   9.7000000e+01   1.7620000e+03   8.1000000e+01   0.0000000e+00
   9.2000000e+01   1.6615000e+03   8.1000000e+01   0.0000000e+00
   8.9000000e+01   1.6045000e+03   8.1000000e+01   9.9291300e-01
   8.9000000e+01   1.6012500e+03   8.1000000e+01   2.0459600e+00
   9.1000000e+01   1.6447500e+03   8.1000000e+01   8.0157700e+00
   8.9000000e+01   1.6180000e+03   8.1000000e+01   0.0000000e+00
   9.1000000e+01   1.6467500e+03   8.1000000e+01   6.9189200e+00
   9.5000000e+01   1.7172500e+03   8.2000000e+01   8.9960500e+00
   9.9000000e+01   1.7837500e+03   8.2000000e+01   7.9690900e+00
   1.0200000e+02   1.8500000e+03   8.2000000e+01   9.7661400e+00
   1.0600000e+02   1.9102500e+03   8.2000000e+01   1.0266700e+01
   1.0700000e+02   1.9415000e+03   8.3000000e+01   5.6200900e+00
   1.0900000e+02   1.9667500e+03   8.3000000e+01   6.0612200e+00
   1.1000000e+02   1.9870000e+03   8.3000000e+01   5.3704200e+00
   1.1000000e+02   2.0005000e+03   8.3000000e+01   5.3993200e+00
   1.1200000e+02   2.0235000e+03   8.3000000e+01   7.2971900e+00
   1.0900000e+02   1.9770000e+03   8.2000000e+01   2.9645400e+00
   1.0800000e+02   1.9640000e+03   8.2000000e+01   6.6095700e+00
   1.0900000e+02   1.9712500e+03   8.2000000e+01   5.2200600e+00
   1.0900000e+02   1.9775000e+03   8.2000000e+01   4.9110000e+00
   1.0900000e+02   1.9747500e+03   8.2000000e+01   4.5057700e+00
   1.0900000e+02   1.9775000e+03   8.2000000e+01   4.3748500e+00
   1.0900000e+02   1.9772500e+03   8.2000000e+01   4.1231100e+00
   1.0900000e+02   1.9745000e+03   8.2000000e+01   4.8216400e+00
   1.0900000e+02   1.9752500e+03   8.2000000e+01   5.5087000e+00
   1.0900000e+02   1.9780000e+03   8.1000000e+01   5.5803300e+00
   1.0900000e+02   1.9747500e+03   8.1000000e+01   5.7880700e+00
   1.0900000e+02   1.9792500e+03   8.1000000e+01   5.7190000e+00
   1.1000000e+02   1.9847500e+03   8.1000000e+01   5.3603200e+00
   1.0900000e+02   1.9822500e+03   8.1000000e+01   4.7516200e+00
   1.0900000e+02   1.9857500e+03   8.1000000e+01   4.6608300e+00
   1.1000000e+02   1.9795000e+03   8.1000000e+01   4.8633500e+00
   1.0900000e+02   1.9822500e+03   8.1000000e+01   4.8230600e+00
   1.0900000e+02   1.9710000e+03   8.1000000e+01   5.5855600e+00
   1.0900000e+02   1.9825000e+03   8.1000000e+01   5.2925000e+00
   1.0900000e+02   1.9775000e+03   8.1000000e+01   4.9195200e+00
   1.0900000e+02   1.9800000e+03   8.1000000e+01   4.9541400e+00
   1.1000000e+02   1.9867500e+03   8.1000000e+01   4.3986100e+00
   1.0900000e+02   1.9787500e+03   8.1000000e+01   4.7317400e+00
   1.0900000e+02   1.9780000e+03   8.1000000e+01   4.6189300e+00
   1.0900000e+02   1.9705000e+03   8.1000000e+01   6.0662600e+00
   1.0900000e+02   1.9785000e+03   8.1000000e+01   5.3439100e+00
   1.0900000e+02   1.9742500e+03   8.1000000e+01   5.6851400e+00
   1.0900000e+02   1.9777500e+03   8.1000000e+01   6.4195700e+00
   1.0900000e+02   1.9775000e+03   8.1000000e+01   5.7072800e+00
   1.0900000e+02   1.9765000e+03   8.1000000e+01   6.6859600e+00
   1.0900000e+02   1.9795000e+03   8.1000000e+01   5.2506200e+00
   1.0900000e+02   1.9795000e+03   8.1000000e+01   5.5529100e+00
   1.0900000e+02   1.9775000e+03   8.1000000e+01   5.5553600e+00
   1.0900000e+02   1.9767500e+03   8.1000000e+01   5.3496400e+00
   1.0900000e+02   1.9795000e+03   8.1000000e+01   5.6300200e+00
   1.0900000e+02   1.9785000e+03   8.1000000e+01   5.4554700e+00
   1.0900000e+02   1.9640000e+03   8.1000000e+01   4.7721900e+00
   1.0300000e+02   1.8670000e+03   8.1000000e+01   0.0000000e+00
   9.8000000e+01   1.7682500e+03   8.1000000e+01   0.0000000e+00
   9.2000000e+01   1.6640000e+03   8.1000000e+01   0.0000000e+00
   8.6000000e+01   1.5550000e+03   8.1000000e+01   0.0000000e+00
   7.9000000e+01   1.2915000e+03   8.1000000e+01   0.0000000e+00
   7.0000000e+01   1.0495000e+03   8.1000000e+01   0.0000000e+00
   6.1000000e+01   1.4612500e+03   8.1000000e+01   0.0000000e+00
   4.2000000e+01   1.1695000e+03   8.1000000e+01   0.0000000e+00
   1.9000000e+01   9.0900000e+02   8.2000000e+01   2.0858300e-01
   1.7000000e+01   1.8055000e+03   8.2000000e+01   2.7827700e+00
   2.5000000e+01   1.3700000e+03   8.2000000e+01   3.1828000e+00
   3.4000000e+01   1.9335000e+03   8.2000000e+01   3.6106800e+00
   4.0000000e+01   1.3835000e+03   8.2000000e+01   4.5442800e+00
   5.1000000e+01   1.7380000e+03   8.2000000e+01   3.6801200e+00
   5.7000000e+01   1.9390000e+03   8.2000000e+01   4.3102400e+00
   6.1000000e+01   1.4457500e+03   8.1000000e+01   7.2526100e+00
   6.7000000e+01   1.5855000e+03   8.1000000e+01   3.8188500e+00
   7.1000000e+01   1.6830000e+03   8.1000000e+01   3.6762400e+00
   7.4000000e+01   1.7607500e+03   8.1000000e+01   2.9723300e+00
   7.7000000e+01   1.8280000e+03   8.2000000e+01   3.4336600e+00
   8.0000000e+01   1.8772500e+03   8.2000000e+01   2.9491600e+00
   7.9000000e+01   1.5012500e+03   8.2000000e+01   3.5350900e+00
   8.0000000e+01   1.4450000e+03   8.2000000e+01   3.8952100e-01
   7.7000000e+01   1.4022500e+03   8.2000000e+01   8.4495300e-01
   7.8000000e+01   1.4157500e+03   8.2000000e+01   3.3978200e+00
   8.0000000e+01   1.4485000e+03   8.2000000e+01   2.5452500e+00
   8.1000000e+01   1.4617500e+03   8.3000000e+01   1.6518100e+00
   8.2000000e+01   1.4852500e+03   8.3000000e+01   3.0664200e+00
   8.2000000e+01   1.4860000e+03   8.3000000e+01   1.1064000e-01
   8.2000000e+01   1.4880000e+03   8.3000000e+01   2.1834000e+00
   8.2000000e+01   1.4945000e+03   8.3000000e+01   0.0000000e+00
   8.1000000e+01   1.4707500e+03   8.3000000e+01   1.2184900e+00
   8.0000000e+01   1.4530000e+03   8.4000000e+01   6.5168800e-01
   7.8000000e+01   1.4170000e+03   8.4000000e+01   0.0000000e+00
   7.6000000e+01   1.3702500e+03   8.4000000e+01   8.0266000e-01
   7.5000000e+01   1.3520000e+03   8.4000000e+01   1.1680700e+00
   7.3000000e+01   1.3182500e+03   8.4000000e+01   0.0000000e+00
   7.1000000e+01   1.2847500e+03   8.4000000e+01   0.0000000e+00
   6.8000000e+01   1.2342500e+03   8.4000000e+01   0.0000000e+00
   6.5000000e+01   1.1855000e+03   8.4000000e+01   0.0000000e+00
   6.3000000e+01   1.1352500e+03   8.4000000e+01   0.0000000e+00
   5.9000000e+01   1.4007500e+03   8.4000000e+01   0.0000000e+00
   4.7000000e+01   1.5212500e+03   8.4000000e+01   0.0000000e+00
   3.3000000e+01   1.2217500e+03   8.4000000e+01   0.0000000e+00
   2.5000000e+01   1.4042500e+03   8.4000000e+01   0.0000000e+00
   2.5000000e+01   1.3535000e+03   8.4000000e+01   1.1601300e+00
   2.2000000e+01   1.2177500e+03   8.4000000e+01   3.5463800e-01
   2.0000000e+01   1.1035000e+03   8.3000000e+01   8.7071800e-01
   1.9000000e+01   1.1100000e+03   8.3000000e+01   9.4191500e-02
   2.6000000e+01   1.4270000e+03   8.3000000e+01   3.4560000e+00
   3.0000000e+01   1.7175000e+03   8.2000000e+01   1.5756300e+00
   3.4000000e+01   1.1642500e+03   8.2000000e+01   2.8809700e+00
   3.9000000e+01   1.3220000e+03   8.2000000e+01   2.4791800e+00
   4.4000000e+01   1.4945000e+03   8.2000000e+01   2.2962600e+00
   4.8000000e+01   1.6417500e+03   8.1000000e+01   2.3771000e+00
   5.0000000e+01   1.7360000e+03   8.1000000e+01   0.0000000e+00
   4.9000000e+01   1.6905000e+03   8.2000000e+01   1.1155500e+00
   5.0000000e+01   1.6982500e+03   8.2000000e+01   1.8549600e+00
   5.5000000e+01   1.8820000e+03   8.1000000e+01   3.6187600e+00
   5.7000000e+01   1.3510000e+03   8.1000000e+01   2.1878500e+00
   6.2000000e+01   1.4572500e+03   8.1000000e+01   3.5211700e+00
   6.1000000e+01   1.4450000e+03   8.1000000e+01   5.7893200e-01
   6.1000000e+01   1.4387500e+03   8.0000000e+01   5.7533000e-01
   5.9000000e+01   1.4032500e+03   8.1000000e+01   0.0000000e+00
   5.7000000e+01   1.3477500e+03   8.1000000e+01   9.3325800e-01
   5.8000000e+01   1.3702500e+03   8.1000000e+01   1.7201000e+00
   6.0000000e+01   1.4165000e+03   8.2000000e+01   1.7225900e+00
   6.1000000e+01   1.4282500e+03   8.2000000e+01   9.9336300e-01
   6.1000000e+01   1.4345000e+03   8.2000000e+01   2.1141100e+00
   6.2000000e+01   1.4450000e+03   8.2000000e+01   2.0149400e+00
   6.0000000e+01   1.4192500e+03   8.3000000e+01   1.9625100e+00
   5.9000000e+01   1.3942500e+03   8.3000000e+01   1.0405400e+00
   6.2000000e+01   1.4570000e+03   8.3000000e+01   2.7839100e+00
   6.1000000e+01   1.4402500e+03   8.3000000e+01   1.0729300e+00
   6.0000000e+01   1.4197500e+03   8.3000000e+01   1.1173500e+00
   6.0000000e+01   1.4285000e+03   8.3000000e+01   1.4213700e+00
   6.3000000e+01   1.4787500e+03   8.3000000e+01   1.6520000e+00
   6.2000000e+01   1.4767500e+03   8.3000000e+01   7.9063200e-01
   6.3000000e+01   1.4802500e+03   8.3000000e+01   1.2799000e+00
   6.1000000e+01   1.4377500e+03   8.3000000e+01   0.0000000e+00
   6.3000000e+01   1.4882500e+03   8.3000000e+01   2.2140500e+00
   6.5000000e+01   1.5342500e+03   8.2000000e+01   5.0004600e-02
   6.5000000e+01   1.5425000e+03   8.2000000e+01   8.5633500e+00
   7.7000000e+01   1.8292500e+03   8.2000000e+01   1.6454100e+01
   8.6000000e+01   2.0295000e+03   8.2000000e+01   6.5709000e+00
   8.5000000e+01   1.5465000e+03   8.2000000e+01   4.4682300e+00
   8.5000000e+01   1.5450000e+03   8.2000000e+01   2.0894800e+00
   8.4000000e+01   1.5195000e+03   8.2000000e+01   1.5188400e-01
   8.2000000e+01   1.4790000e+03   8.2000000e+01   1.0678700e+00
   7.9000000e+01   1.4240000e+03   8.2000000e+01   0.0000000e+00
   7.6000000e+01   1.3547500e+03   8.2000000e+01   0.0000000e+00
   7.4000000e+01   1.3325000e+03   8.2000000e+01   0.0000000e+00
   7.1000000e+01   1.2915000e+03   8.3000000e+01   1.2313500e+00
   6.9000000e+01   1.2437500e+03   8.3000000e+01   1.1187000e+00
   6.7000000e+01   1.2132500e+03   8.3000000e+01   0.0000000e+00
   6.6000000e+01   1.1970000e+03   8.3000000e+01   3.9903300e-01
   6.3000000e+01   1.1475000e+03   8.3000000e+01   0.0000000e+00
   6.0000000e+01   9.7100000e+02   8.4000000e+01   3.7773600e-01
   5.3000000e+01   9.2775000e+02   8.4000000e+01   3.1031300e-01
   4.8000000e+01   1.6350000e+03   8.4000000e+01   0.0000000e+00
   3.2000000e+01   1.8050000e+03   8.4000000e+01   0.0000000e+00
   2.7000000e+01   1.5052500e+03   8.4000000e+01   1.3873000e+00
   3.3000000e+01   1.2365000e+03   8.3000000e+01   0.0000000e+00
   3.8000000e+01   1.2802500e+03   8.3000000e+01   1.7766500e+00
   4.0000000e+01   1.3820000e+03   8.2000000e+01   1.5588900e+00
   4.4000000e+01   1.4910000e+03   8.2000000e+01   1.2653200e+00
   4.6000000e+01   1.5692500e+03   8.2000000e+01   1.0504400e+00
   4.6000000e+01   1.6037500e+03   8.2000000e+01   8.8189100e-01
   4.8000000e+01   1.6677500e+03   8.2000000e+01   1.0381400e+00
   4.8000000e+01   1.6497500e+03   8.2000000e+01   5.0168500e-01
   4.7000000e+01   1.6142500e+03   8.1000000e+01   8.1200900e-01
   4.6000000e+01   1.5617500e+03   8.1000000e+01   2.4771500e-02
   4.2000000e+01   1.4380000e+03   8.1000000e+01   0.0000000e+00
   3.5000000e+01   1.2235000e+03   8.1000000e+01   7.0181900e-01
   4.0000000e+01   1.3695000e+03   8.0000000e+01   1.9870300e+00
   4.0000000e+01   1.3687500e+03   8.0000000e+01   0.0000000e+00
   3.6000000e+01   1.2432500e+03   8.0000000e+01   0.0000000e+00
   3.3000000e+01   1.1192500e+03   8.0000000e+01   0.0000000e+00
   3.1000000e+01   1.0715000e+03   8.1000000e+01   0.0000000e+00
   2.9000000e+01   9.1000000e+02   8.1000000e+01   2.4905300e-01
   1.6000000e+01   8.7500000e+02   8.1000000e+01   3.7584300e-02
   2.0000000e+00   9.1975000e+02   8.1000000e+01   2.1885700e-01
   0.0000000e+00   7.6600000e+02   8.1000000e+01   3.3967800e-01
   0.0000000e+00   7.7900000e+02   8.2000000e+01   3.4785100e-01
   4.0000000e+00   8.6750000e+02   8.2000000e+01   2.0051500e-01
   4.0000000e+00   9.1350000e+02   8.2000000e+01   1.9057600e-01
   0.0000000e+00   7.6475000e+02   8.2000000e+01   2.3125400e-01
   5.0000000e+00   8.8950000e+02   8.2000000e+01   1.7764800e-01
   3.0000000e+00   9.2300000e+02   8.2000000e+01   2.0943800e-01
   0.0000000e+00   7.6450000e+02   8.2000000e+01   2.4676800e-01
   0.0000000e+00   1.0315000e+03   8.2000000e+01   8.5938200e-01
   1.6000000e+01   1.7625000e+03   8.2000000e+01   3.2987200e+00
   2.6000000e+01   1.4470000e+03   8.2000000e+01   3.9744000e+00
   3.2000000e+01   1.7820000e+03   8.2000000e+01   2.0375100e+00
   3.8000000e+01   1.2977500e+03   8.2000000e+01   3.9410200e+00
   4.1000000e+01   1.4160000e+03   8.2000000e+01   1.6483500e+00
   4.0000000e+01   1.3792500e+03   8.2000000e+01   0.0000000e+00
   3.8000000e+01   1.2862500e+03   8.2000000e+01   0.0000000e+00
   3.4000000e+01   1.1545000e+03   8.3000000e+01   0.0000000e+00
   2.2000000e+01   1.1225000e+03   8.3000000e+01   0.0000000e+00
   2.4000000e+01   1.3140000e+03   8.3000000e+01   5.2039000e+00
   3.2000000e+01   1.4357500e+03   8.3000000e+01   0.0000000e+00
   3.8000000e+01   1.2957500e+03   8.3000000e+01   2.3089900e+00
   3.9000000e+01   1.3265000e+03   8.3000000e+01   1.3979100e+00
   4.1000000e+01   1.3977500e+03   8.4000000e+01   1.4372100e+00
   4.0000000e+01   1.3812500e+03   8.4000000e+01   1.0113800e+00
   3.7000000e+01   1.2735000e+03   8.4000000e+01   0.0000000e+00
   3.3000000e+01   1.1295000e+03   8.3000000e+01   0.0000000e+00
   3.1000000e+01   1.0500000e+03   8.3000000e+01   6.2147900e-02
   2.9000000e+01   9.9125000e+02   8.3000000e+01   1.4071000e-02
   2.1000000e+01   1.2147500e+03   8.3000000e+01   0.0000000e+00
   1.7000000e+01   9.3200000e+02   8.3000000e+01   1.9951100e+00
   1.7000000e+01   9.7450000e+02   8.3000000e+01   1.2882100e-01
   1.5000000e+01   9.2000000e+02   8.3000000e+01   1.9790600e-01
   1.2000000e+01   9.1250000e+02   8.3000000e+01   2.3160000e-01
   5.0000000e+00   9.2350000e+02   8.3000000e+01   2.1170000e-01
   1.0000000e+00   9.2325000e+02   8.3000000e+01   2.1460900e-01
   0.0000000e+00   8.4075000e+02   8.4000000e+01   6.5093700e-01
   0.0000000e+00   7.8250000e+02   8.4000000e+01   3.2171700e-01
   0.0000000e+00   7.8250000e+02   8.4000000e+01   3.0923900e-01
   0.0000000e+00   7.8100000e+02   8.4000000e+01   3.2856200e-01
   0.0000000e+00   7.8100000e+02   8.4000000e+01   3.0796900e-01
   0.0000000e+00   7.7950000e+02   8.4000000e+01   3.0806200e-01
