37.99638600,-1.13404750
37.99638900,-1.13402340
37.99639300,-1.13399940
37.99639700,-1.13397540
37.99640100,-1.13395130
37.99640400,-1.13392730
37.99640800,-1.13390330
37.99641200,-1.13387930
37.99641600,-1.13385520
37.99641900,-1.13383120
37.99642300,-1.13380720
37.99642700,-1.13378310
37.99643100,-1.13375910
37.99643400,-1.13373510
37.99643800,-1.13371100
37.99644200,-1.13368700
37.99644600,-1.13366300
37.99644900,-1.13363900
37.99645300,-1.13361490
37.99645700,-1.13359090
37.99646100,-1.13356690
37.99646400,-1.13354280
37.99646800,-1.13351880
37.99647200,-1.13349480
37.99647600,-1.13347070
37.99647900,-1.13344670
37.99648300,-1.13342270
37.99648700,-1.13339870
37.99649100,-1.13337460
37.99649400,-1.13335060
37.99649800,-1.13332660
37.99650200,-1.13330250
37.99650600,-1.13327850
37.99650900,-1.13325450
37.99651300,-1.13323040
37.99651700,-1.13320640
37.99652100,-1.13318240
37.99652400,-1.13315840
37.99652800,-1.13313430
37.99653200,-1.13311030
37.99653600,-1.13308630
37.99638300,-1.13404970
37.99639100,-1.13400890
37.99639800,-1.13396820
37.99640600,-1.13392740
37.99641300,-1.13388670
37.99642100,-1.13384590
37.99642800,-1.13380510
37.99643600,-1.13376440
37.99644300,-1.13372360
37.99645100,-1.13368290
37.99645800,-1.13364210
37.99646600,-1.13360130
37.99647300,-1.13356060
37.99648100,-1.13351980
37.99648800,-1.13347910
37.99649600,-1.13343830
37.99650300,-1.13339750
37.99651100,-1.13335680
37.99651800,-1.13331600
37.99652600,-1.13327530
37.99653300,-1.13323450
37.99654000,-1.13319370
37.99654800,-1.13315300
37.99655500,-1.13311220
37.99656300,-1.13307140
37.99657000,-1.13303070
37.99657800,-1.13298990
37.99658500,-1.13294920
37.99659300,-1.13290840
37.99660000,-1.13286760
37.99660800,-1.13282690
37.99661500,-1.13278610
37.99662300,-1.13274540
37.99663000,-1.13270460
37.99663800,-1.13266380
37.99664500,-1.13262310
37.99665300,-1.13258230
37.99666000,-1.13254160
37.99666800,-1.13250080
37.99667500,-1.13246000
37.99668300,-1.13241930
37.99668600,-1.13241580
37.99668900,-1.13240480
37.99669100,-1.13239380
37.99669400,-1.13238280
37.99669700,-1.13237180
37.99669900,-1.13236080
37.99670200,-1.13234980
37.99670500,-1.13233880
37.99670700,-1.13232780
37.99671000,-1.13231680
37.99671300,-1.13230580
37.99671500,-1.13229480
37.99671800,-1.13228380
37.99672100,-1.13227280
37.99672300,-1.13226180
37.99672600,-1.13225080
37.99672900,-1.13223980
37.99673100,-1.13222880
37.99673400,-1.13221780
37.99673700,-1.13220680
37.99673900,-1.13219580
37.99674200,-1.13218480
37.99674500,-1.13217380
37.99674700,-1.13216270
37.99675000,-1.13215170
37.99675300,-1.13214070
37.99675500,-1.13212970
37.99675800,-1.13211870
37.99676000,-1.13210770
37.99676300,-1.13209670
37.99676600,-1.13208570
37.99676800,-1.13207470
37.99677100,-1.13206370
37.99677400,-1.13205270
37.99677600,-1.13204170
37.99677900,-1.13203070
37.99678200,-1.13201970
37.99678400,-1.13200870
37.99678700,-1.13199770
37.99679000,-1.13198670
37.99679200,-1.13197570
37.99679600,-1.13197150
37.99682500,-1.13184460
37.99685400,-1.13171770
37.99688200,-1.13159070
37.99691100,-1.13146380
37.99694000,-1.13133690
37.99696800,-1.13120990
37.99699700,-1.13108300
37.99702600,-1.13095610
37.99705400,-1.13082910
37.99708300,-1.13070220
37.99711200,-1.13057530
37.99714000,-1.13044830
37.99716900,-1.13032140
37.99719800,-1.13019450
37.99722600,-1.13006750
37.99725500,-1.12994060
37.99728400,-1.12981370
37.99731200,-1.12968680
37.99734100,-1.12955980
37.99737000,-1.12943290
37.99739800,-1.12930600
37.99742700,-1.12917900
37.99745600,-1.12905210
37.99748400,-1.12892520
37.99751300,-1.12879820
37.99754200,-1.12867130
37.99757000,-1.12854440
37.99759900,-1.12841740
37.99762800,-1.12829050
37.99765600,-1.12816360
37.99768500,-1.12803660
37.99771300,-1.12790970
37.99774200,-1.12778280
37.99777100,-1.12765580
37.99779900,-1.12752890
37.99782800,-1.12740200
37.99785700,-1.12727500
37.99788500,-1.12714810
37.99791400,-1.12702120
37.99794300,-1.12689430
37.99617700,-1.13423930
37.99622100,-1.13405570
37.99626500,-1.13387210
37.99630900,-1.13368850
37.99635300,-1.13350490
37.99639700,-1.13332130
37.99644100,-1.13313770
37.99648600,-1.13295410
37.99653000,-1.13277050
37.99657400,-1.13258690
37.99661800,-1.13240330
37.99666200,-1.13221960
37.99670600,-1.13203600
37.99675000,-1.13185240
37.99679500,-1.13166880
37.99683900,-1.13148520
37.99688300,-1.13130160
37.99692700,-1.13111800
37.99697100,-1.13093440
37.99701500,-1.13075080
37.99705900,-1.13056720
37.99710300,-1.13038360
37.99714800,-1.13020000
37.99719200,-1.13001640
37.99723600,-1.12983280
37.99728000,-1.12964920
37.99732400,-1.12946560
37.99736800,-1.12928200
37.99741200,-1.12909840
37.99745600,-1.12891480
37.99750100,-1.12873120
37.99754500,-1.12854760
37.99758900,-1.12836400
37.99763300,-1.12818040
37.99767700,-1.12799680
37.99772100,-1.12781320
37.99776500,-1.12762960
37.99780900,-1.12744600
37.99785400,-1.12726240
37.99789800,-1.12707880
37.99794200,-1.12689520
37.99617800,-1.13423850
37.99618500,-1.13420020
37.99619300,-1.13416190
37.99620100,-1.13412360
37.99620900,-1.13408530
37.99621700,-1.13404690
37.99622500,-1.13400860
37.99623300,-1.13397030
37.99624100,-1.13393200
37.99624800,-1.13389370
37.99625600,-1.13385540
37.99626400,-1.13381710
37.99627200,-1.13377880
37.99628000,-1.13374050
37.99628800,-1.13370220
37.99629600,-1.13366390
37.99630400,-1.13362560
37.99631100,-1.13358730
37.99631900,-1.13354900
37.99632700,-1.13351070
37.99633500,-1.13347240
37.99634300,-1.13343410
37.99635100,-1.13339580
37.99635900,-1.13335750
37.99636700,-1.13331920
37.99637500,-1.13328090
37.99638200,-1.13324260
37.99639000,-1.13320430
37.99639800,-1.13316600
37.99640600,-1.13312760
37.99641400,-1.13308930
37.99642200,-1.13305100
37.99643000,-1.13301270
37.99643800,-1.13297440
37.99644500,-1.13293610
37.99645300,-1.13289780
37.99646100,-1.13285950
37.99646900,-1.13282120
37.99647700,-1.13278290
37.99648500,-1.13274460
37.99649300,-1.13270630
37.99650000,-1.13269940
37.99650400,-1.13267870
37.99650900,-1.13265790
37.99651400,-1.13263710
37.99651900,-1.13261630
37.99652400,-1.13259560
37.99652800,-1.13257480
37.99653300,-1.13255400
37.99653800,-1.13253320
37.99654300,-1.13251250
37.99654800,-1.13249170
37.99655200,-1.13247090
37.99655700,-1.13245010
37.99656200,-1.13242930
37.99656700,-1.13240860
37.99657200,-1.13238780
37.99657600,-1.13236700
37.99658100,-1.13234620
37.99658600,-1.13232550
37.99659100,-1.13230470
37.99659600,-1.13228390
37.99660000,-1.13226310
37.99660500,-1.13224240
37.99661000,-1.13222160
37.99661500,-1.13220080
37.99662000,-1.13218000
37.99662400,-1.13215930
37.99662900,-1.13213850
37.99663400,-1.13211770
37.99663900,-1.13209690
37.99664400,-1.13207610
37.99664800,-1.13205540
37.99665300,-1.13203460
37.99665800,-1.13201380
37.99666300,-1.13199300
37.99666800,-1.13197230
37.99667200,-1.13195150
37.99667700,-1.13193070
37.99668200,-1.13190990
37.99668700,-1.13188920
37.99669200,-1.13186840
37.99669500,-1.13186490
37.99672200,-1.13174230
37.99674900,-1.13161960
37.99677600,-1.13149700
37.99680300,-1.13137440
37.99683000,-1.13125170
37.99685700,-1.13112910
37.99688400,-1.13100640
37.99691100,-1.13088380
37.99693800,-1.13076120
37.99696500,-1.13063850
37.99699300,-1.13051590
37.99702000,-1.13039320
37.99704700,-1.13027060
37.99707400,-1.13014800
37.99710100,-1.13002530
37.99712800,-1.12990270
37.99715500,-1.12978010
37.99718200,-1.12965740
37.99720900,-1.12953480
37.99723600,-1.12941210
37.99726300,-1.12928950
37.99729000,-1.12916690
37.99731700,-1.12904420
37.99734400,-1.12892160
37.99737100,-1.12879900
37.99739800,-1.12867630
37.99742500,-1.12855370
37.99745200,-1.12843100
37.99747900,-1.12830840
37.99750600,-1.12818580
37.99753300,-1.12806310
37.99756000,-1.12794050
37.99758700,-1.12781780
37.99761400,-1.12769520
37.99764100,-1.12757260
37.99766800,-1.12744990
37.99769600,-1.12732730
37.99772300,-1.12720470
37.99775000,-1.12708200
37.99777700,-1.12695940
38.00230700,-1.14831630
38.00232500,-1.14828830
38.00234400,-1.14826020
38.00236200,-1.14823210
38.00238100,-1.14820400
38.00239900,-1.14817590
38.00241800,-1.14814780
38.00243600,-1.14811970
38.00245500,-1.14809160
38.00247300,-1.14806360
38.00249200,-1.14803550
38.00251000,-1.14800740
38.00252900,-1.14797930
38.00254700,-1.14795120
38.00256600,-1.14792310
38.00258400,-1.14789500
38.00260300,-1.14786690
38.00262100,-1.14783880
38.00264000,-1.14781080
38.00265800,-1.14778270
38.00267700,-1.14775460
38.00269500,-1.14772650
38.00271400,-1.14769840
38.00273200,-1.14767030
38.00275100,-1.14764220
38.00276900,-1.14761410
38.00278800,-1.14758610
38.00280700,-1.14755800
38.00282500,-1.14752990
38.00284400,-1.14750180
38.00286200,-1.14747370
38.00288100,-1.14744560
38.00289900,-1.14741750
38.00291800,-1.14738940
38.00293600,-1.14736140
38.00295500,-1.14733330
38.00297300,-1.14730520
38.00299200,-1.14727710
38.00301000,-1.14724900
38.00302900,-1.14722090
38.00304700,-1.14719280
38.00304900,-1.14719120
38.00305600,-1.14717660
38.00306300,-1.14716200
38.00306900,-1.14714740
38.00307600,-1.14713280
38.00308300,-1.14711810
38.00309000,-1.14710350
38.00309700,-1.14708890
38.00310400,-1.14707430
38.00311100,-1.14705970
38.00311800,-1.14704510
38.00312500,-1.14703040
38.00313100,-1.14701580
38.00313800,-1.14700120
38.00314500,-1.14698660
38.00315200,-1.14697200
38.00315900,-1.14695740
38.00316600,-1.14694270
38.00317300,-1.14692810
38.00318000,-1.14691350
38.00318700,-1.14689890
38.00319400,-1.14688430
38.00320000,-1.14686970
38.00320700,-1.14685500
38.00321400,-1.14684040
38.00322100,-1.14682580
38.00322800,-1.14681120
38.00323500,-1.14679660
38.00324200,-1.14678200
38.00324900,-1.14676730
38.00325600,-1.14675270
38.00326200,-1.14673810
38.00326900,-1.14672350
38.00327600,-1.14670890
38.00328300,-1.14669420
38.00329000,-1.14667960
38.00329700,-1.14666500
38.00330400,-1.14665040
38.00331100,-1.14663580
38.00331800,-1.14662120
38.00332400,-1.14660650
38.00332100,-1.14660970
38.00333300,-1.14660280
38.00334400,-1.14659590
38.00335500,-1.14658910
38.00336600,-1.14658220
38.00337700,-1.14657530
38.00338900,-1.14656840
38.00340000,-1.14656160
38.00341100,-1.14655470
38.00342200,-1.14654780
38.00343400,-1.14654090
38.00344500,-1.14653400
38.00345600,-1.14652720
38.00346700,-1.14652030
38.00347800,-1.14651340
38.00349000,-1.14650650
38.00350100,-1.14649970
38.00351200,-1.14649280
38.00352300,-1.14648590
38.00353500,-1.14647900
38.00354600,-1.14647210
38.00355700,-1.14646530
38.00356800,-1.14645840
38.00358000,-1.14645150
38.00359100,-1.14644460
38.00360200,-1.14643780
38.00361300,-1.14643090
38.00362400,-1.14642400
38.00363600,-1.14641710
38.00364700,-1.14641020
38.00365800,-1.14640340
38.00366900,-1.14639650
38.00368100,-1.14638960
38.00369200,-1.14638270
38.00370300,-1.14637590
38.00371400,-1.14636900
38.00372500,-1.14636210
38.00373700,-1.14635520
38.00374800,-1.14634840
38.00375900,-1.14634150
38.00377000,-1.14633460
38.00377100,-1.14633380
38.00378600,-1.14631880
38.00380200,-1.14630380
38.00381700,-1.14628880
38.00383200,-1.14627380
38.00384700,-1.14625880
38.00386200,-1.14624380
38.00387800,-1.14622880
38.00389300,-1.14621380
38.00390800,-1.14619880
38.00392300,-1.14618380
38.00393800,-1.14616880
38.00395400,-1.14615380
38.00396900,-1.14613880
38.00398400,-1.14612380
38.00399900,-1.14610880
38.00401400,-1.14609380
38.00403000,-1.14607880
38.00404500,-1.14606380
38.00406000,-1.14604880
38.00407500,-1.14603380
38.00409000,-1.14601880
38.00410600,-1.14600380
38.00412100,-1.14598880
38.00413600,-1.14597380
38.00415100,-1.14595880
38.00416600,-1.14594380
38.00418200,-1.14592880
38.00419700,-1.14591380
38.00421200,-1.14589880
38.00422700,-1.14588380
38.00424200,-1.14586880
38.00425800,-1.14585380
38.00427300,-1.14583880
38.00428800,-1.14582380
38.00430300,-1.14580880
38.00431800,-1.14579380
38.00433400,-1.14577880
38.00434900,-1.14576380
38.00436400,-1.14574880
38.00437900,-1.14573380
38.00437900,-1.14573360
38.00438100,-1.14573420
38.00438300,-1.14573470
38.00438500,-1.14573520
38.00438800,-1.14573580
38.00439000,-1.14573630
38.00439200,-1.14573690
38.00439400,-1.14573740
38.00439600,-1.14573800
38.00439800,-1.14573850
38.00440000,-1.14573900
38.00440200,-1.14573960
38.00440400,-1.14574010
38.00440600,-1.14574070
38.00440800,-1.14574120
38.00441000,-1.14574170
38.00441200,-1.14574230
38.00441400,-1.14574280
38.00441600,-1.14574340
38.00441800,-1.14574390
38.00442000,-1.14574450
38.00442200,-1.14574500
38.00442400,-1.14574550
38.00442600,-1.14574610
38.00442800,-1.14574660
38.00443000,-1.14574720
38.00443200,-1.14574770
38.00443400,-1.14574830
38.00443600,-1.14574880
38.00443800,-1.14574930
38.00444000,-1.14574990
38.00444200,-1.14575040
38.00444400,-1.14575100
38.00444600,-1.14575150
38.00444900,-1.14575200
38.00445100,-1.14575260
38.00445300,-1.14575310
38.00445500,-1.14575370
38.00445700,-1.14575420
38.00445900,-1.14575480
38.00446100,-1.14575530
38.00446400,-1.14575190
38.00447600,-1.14573950
38.00448800,-1.14572720
38.00450000,-1.14571490
38.00451200,-1.14570250
38.00452400,-1.14569020
38.00453600,-1.14567790
38.00454800,-1.14566550
38.00456000,-1.14565320
38.00457200,-1.14564080
38.00458300,-1.14562850
38.00459500,-1.14561620
38.00460700,-1.14560380
38.00461900,-1.14559150
38.00463100,-1.14557920
38.00464300,-1.14556680
38.00465500,-1.14555450
38.00466700,-1.14554210
38.00467900,-1.14552980
38.00469100,-1.14551750
38.00470300,-1.14550510
38.00471500,-1.14549280
38.00472700,-1.14548050
38.00473900,-1.14546810
38.00475100,-1.14545580
38.00476300,-1.14544350
38.00477400,-1.14543110
38.00478600,-1.14541880
38.00479800,-1.14540640
38.00481000,-1.14539410
38.00482200,-1.14538180
38.00483400,-1.14536940
38.00484600,-1.14535710
38.00485800,-1.14534480
38.00487000,-1.14533240
38.00488200,-1.14532010
38.00489400,-1.14530770
38.00490600,-1.14529540
38.00491800,-1.14528310
38.00493000,-1.14527070
38.00494200,-1.14525840
38.00494200,-1.14525780
38.00495300,-1.14525190
38.00496400,-1.14524610
38.00497500,-1.14524030
38.00498600,-1.14523450
38.00499700,-1.14522860
38.00500800,-1.14522280
38.00501900,-1.14521700
38.00503000,-1.14521120
38.00504100,-1.14520530
38.00505100,-1.14519950
38.00506200,-1.14519370
38.00507300,-1.14518790
38.00508400,-1.14518200
38.00509500,-1.14517620
38.00510600,-1.14517040
38.00511700,-1.14516460
38.00512800,-1.14515870
38.00513900,-1.14515290
38.00515000,-1.14514710
38.00516100,-1.14514130
38.00517200,-1.14513550
38.00518300,-1.14512960
38.00519300,-1.14512380
38.00520400,-1.14511800
38.00521500,-1.14511220
38.00522600,-1.14510630
38.00523700,-1.14510050
38.00524800,-1.14509470
38.00525900,-1.14508890
38.00527000,-1.14508300
38.00528100,-1.14507720
38.00529200,-1.14507140
38.00530300,-1.14506560
38.00531400,-1.14505970
38.00532500,-1.14505390
38.00533600,-1.14504810
38.00534600,-1.14504230
38.00535700,-1.14503640
38.00536800,-1.14503060
38.00537900,-1.14502480
38.00537600,-1.14502790
38.00539700,-1.14502480
38.00541800,-1.14502170
38.00543900,-1.14501860
38.00546100,-1.14501540
38.00548200,-1.14501230
38.00550300,-1.14500920
38.00552400,-1.14500600
38.00554500,-1.14500290
38.00556600,-1.14499980
38.00558700,-1.14499660
38.00560800,-1.14499350
38.00563000,-1.14499040
38.00565100,-1.14498730
38.00567200,-1.14498410
38.00569300,-1.14498100
38.00571400,-1.14497790
38.00573500,-1.14497470
38.00575600,-1.14497160
38.00577800,-1.14496850
38.00579900,-1.14496530
38.00582000,-1.14496220
38.00584100,-1.14495910
38.00586200,-1.14495590
38.00588300,-1.14495280
38.00590400,-1.14494970
38.00592500,-1.14494660
38.00594700,-1.14494340
38.00596800,-1.14494030
38.00598900,-1.14493720
38.00601000,-1.14493400
38.00603100,-1.14493090
38.00605200,-1.14492780
38.00607300,-1.14492460
38.00609400,-1.14492150
38.00611600,-1.14491840
38.00613700,-1.14491530
38.00615800,-1.14491210
38.00617900,-1.14490900
38.00620000,-1.14490590
38.00622100,-1.14490270
37.98923300,-1.11648160
37.98924400,-1.11649280
37.98925500,-1.11650410
37.98926500,-1.11651530
37.98927600,-1.11652660
37.98928600,-1.11653780
37.98929700,-1.11654910
37.98930700,-1.11656030
37.98931800,-1.11657160
37.98932900,-1.11658280
37.98933900,-1.11659410
37.98935000,-1.11660530
37.98936000,-1.11661650
37.98937100,-1.11662780
37.98938200,-1.11663900
37.98939200,-1.11665030
37.98940300,-1.11666150
37.98941300,-1.11667280
37.98942400,-1.11668400
37.98943400,-1.11669530
37.98944500,-1.11670650
37.98945600,-1.11671780
37.98946600,-1.11672900
37.98947700,-1.11674020
37.98948700,-1.11675150
37.98949800,-1.11676270
37.98950800,-1.11677400
37.98951900,-1.11678520
37.98953000,-1.11679650
37.98954000,-1.11680770
37.98955100,-1.11681900
37.98956100,-1.11683020
37.98957200,-1.11684150
37.98958300,-1.11685270
37.98959300,-1.11686390
37.98960400,-1.11687520
37.98961400,-1.11688640
37.98962500,-1.11689770
37.98963500,-1.11690890
37.98964600,-1.11692020
37.98965700,-1.11693140
37.98864600,-1.11605750
37.98866100,-1.11606820
37.98867600,-1.11607890
37.98869000,-1.11608960
37.98870500,-1.11610030
37.98871900,-1.11611090
37.98873400,-1.11612160
37.98874900,-1.11613230
37.98876300,-1.11614300
37.98877800,-1.11615370
37.98879200,-1.11616430
37.98880700,-1.11617500
37.98882200,-1.11618570
37.98883600,-1.11619640
37.98885100,-1.11620710
37.98886500,-1.11621770
37.98888000,-1.11622840
37.98889500,-1.11623910
37.98890900,-1.11624980
37.98892400,-1.11626050
37.98893800,-1.11627120
37.98895300,-1.11628180
37.98896800,-1.11629250
37.98898200,-1.11630320
37.98899700,-1.11631390
37.98901100,-1.11632460
37.98902600,-1.11633520
37.98904100,-1.11634590
37.98905500,-1.11635660
37.98907000,-1.11636730
37.98908400,-1.11637800
37.98909900,-1.11638860
37.98911300,-1.11639930
37.98912800,-1.11641000
37.98914300,-1.11642070
37.98915700,-1.11643140
37.98917200,-1.11644200
37.98918600,-1.11645270
37.98920100,-1.11646340
37.98921600,-1.11647410
37.98923000,-1.11648480
37.98808600,-1.11578270
37.98810000,-1.11578950
37.98811400,-1.11579640
37.98812800,-1.11580330
37.98814200,-1.11581010
37.98815600,-1.11581700
37.98817000,-1.11582390
37.98818400,-1.11583070
37.98819800,-1.11583760
37.98821200,-1.11584440
37.98822600,-1.11585130
37.98824000,-1.11585820
37.98825400,-1.11586500
37.98826800,-1.11587190
37.98828200,-1.11587880
37.98829600,-1.11588560
37.98831100,-1.11589250
37.98832500,-1.11589940
37.98833900,-1.11590620
37.98835300,-1.11591310
37.98836700,-1.11592000
37.98838100,-1.11592680
37.98839500,-1.11593370
37.98840900,-1.11594050
37.98842300,-1.11594740
37.98843700,-1.11595430
37.98845100,-1.11596110
37.98846500,-1.11596800
37.98847900,-1.11597490
37.98849300,-1.11598170
37.98850700,-1.11598860
37.98852100,-1.11599550
37.98853500,-1.11600230
37.98854900,-1.11600920
37.98856300,-1.11601600
37.98857700,-1.11602290
37.98859100,-1.11602980
37.98860500,-1.11603660
37.98861900,-1.11604350
37.98863300,-1.11605040
37.98864700,-1.11605720
37.98758100,-1.11564860
37.98759400,-1.11565190
37.98760700,-1.11565520
37.98761900,-1.11565850
37.98763200,-1.11566180
37.98764500,-1.11566510
37.98765700,-1.11566840
37.98767000,-1.11567160
37.98768300,-1.11567490
37.98769600,-1.11567820
37.98770800,-1.11568150
37.98772100,-1.11568480
37.98773400,-1.11568810
37.98774600,-1.11569140
37.98775900,-1.11569470
37.98777200,-1.11569800
37.98778400,-1.11570130
37.98779700,-1.11570460
37.98781000,-1.11570790
37.98782200,-1.11571120
37.98783500,-1.11571450
37.98784800,-1.11571770
37.98786000,-1.11572100
37.98787300,-1.11572430
37.98788600,-1.11572760
37.98789800,-1.11573090
37.98791100,-1.11573420
37.98792400,-1.11573750
37.98793700,-1.11574080
37.98794900,-1.11574410
37.98796200,-1.11574740
37.98797500,-1.11575070
37.98798700,-1.11575400
37.98800000,-1.11575730
37.98801300,-1.11576060
37.98802500,-1.11576380
37.98803800,-1.11576710
37.98805100,-1.11577040
37.98806300,-1.11577370
37.98807600,-1.11577700
37.98808900,-1.11578030
37.98676600,-1.11555910
37.98678600,-1.11556130
37.98680700,-1.11556350
37.98682700,-1.11556570
37.98684800,-1.11556790
37.98686800,-1.11557010
37.98688800,-1.11557230
37.98690900,-1.11557460
37.98692900,-1.11557680
37.98695000,-1.11557900
37.98697000,-1.11558120
37.98699000,-1.11558340
37.98701100,-1.11558560
37.98703100,-1.11558780
37.98705200,-1.11559010
37.98707200,-1.11559230
37.98709300,-1.11559450
37.98711300,-1.11559670
37.98713300,-1.11559890
37.98715400,-1.11560110
37.98717400,-1.11560330
37.98719500,-1.11560560
37.98721500,-1.11560780
37.98723500,-1.11561000
37.98725600,-1.11561220
37.98727600,-1.11561440
37.98729700,-1.11561660
37.98731700,-1.11561880
37.98733700,-1.11562110
37.98735800,-1.11562330
37.98737800,-1.11562550
37.98739900,-1.11562770
37.98741900,-1.11562990
37.98743900,-1.11563210
37.98746000,-1.11563430
37.98748000,-1.11563660
37.98750100,-1.11563880
37.98752100,-1.11564100
37.98754200,-1.11564320
37.98756200,-1.11564540
37.98758200,-1.11564760
37.98549400,-1.11509730
37.98552600,-1.11510880
37.98555800,-1.11512020
37.98558900,-1.11513160
37.98562100,-1.11514310
37.98565300,-1.11515450
37.98568500,-1.11516600
37.98571700,-1.11517740
37.98574900,-1.11518890
37.98578100,-1.11520030
37.98581300,-1.11521180
37.98584500,-1.11522320
37.98587700,-1.11523460
37.98590800,-1.11524610
37.98594000,-1.11525750
37.98597200,-1.11526900
37.98600400,-1.11528040
37.98603600,-1.11529190
37.98606800,-1.11530330
37.98610000,-1.11531480
37.98613200,-1.11532620
37.98616400,-1.11533760
37.98619600,-1.11534910
37.98622800,-1.11536050
37.98625900,-1.11537200
37.98629100,-1.11538340
37.98632300,-1.11539490
37.98635500,-1.11540630
37.98638700,-1.11541780
37.98641900,-1.11542920
37.98645100,-1.11544060
37.98648300,-1.11545210
37.98651500,-1.11546350
37.98654700,-1.11547500
37.98657800,-1.11548640
37.98661000,-1.11549790
37.98664200,-1.11550930
37.98667400,-1.11552080
37.98670600,-1.11553220
37.98673800,-1.11554360
37.98677000,-1.11555510
37.98512300,-1.11500290
37.98513200,-1.11500520
37.98514200,-1.11500750
37.98515100,-1.11500990
37.98516000,-1.11501220
37.98517000,-1.11501450
37.98517900,-1.11501690
37.98518800,-1.11501920
37.98519700,-1.11502150
37.98520700,-1.11502390
37.98521600,-1.11502620
37.98522500,-1.11502850
37.98523500,-1.11503090
37.98524400,-1.11503320
37.98525300,-1.11503550
37.98526300,-1.11503790
37.98527200,-1.11504020
37.98528100,-1.11504250
37.98529000,-1.11504490
37.98530000,-1.11504720
37.98530900,-1.11504950
37.98531800,-1.11505190
37.98532800,-1.11505420
37.98533700,-1.11505650
37.98534600,-1.11505890
37.98535500,-1.11506120
37.98536500,-1.11506350
37.98537400,-1.11506590
37.98538300,-1.11506820
37.98539300,-1.11507060
37.98540200,-1.11507290
37.98541100,-1.11507520
37.98542000,-1.11507760
37.98543000,-1.11507990
37.98543900,-1.11508220
37.98544800,-1.11508460
37.98545800,-1.11508690
37.98546700,-1.11508920
37.98547600,-1.11509160
37.98548500,-1.11509390
37.98549500,-1.11509620
37.98448200,-1.11478420
37.98449800,-1.11478960
37.98451400,-1.11479510
37.98453000,-1.11480050
37.98454600,-1.11480600
37.98456200,-1.11481140
37.98457800,-1.11481690
37.98459400,-1.11482230
37.98461000,-1.11482780
37.98462600,-1.11483320
37.98464200,-1.11483860
37.98465800,-1.11484410
37.98467400,-1.11484950
37.98469100,-1.11485500
37.98470700,-1.11486040
37.98472300,-1.11486590
37.98473900,-1.11487130
37.98475500,-1.11487680
37.98477100,-1.11488220
37.98478700,-1.11488770
37.98480300,-1.11489310
37.98481900,-1.11489850
37.98483500,-1.11490400
37.98485100,-1.11490940
37.98486700,-1.11491490
37.98488300,-1.11492030
37.98489900,-1.11492580
37.98491500,-1.11493120
37.98493100,-1.11493670
37.98494700,-1.11494210
37.98496300,-1.11494750
37.98498000,-1.11495300
37.98499600,-1.11495840
37.98501200,-1.11496390
37.98502800,-1.11496930
37.98504400,-1.11497480
37.98506000,-1.11498020
37.98507600,-1.11498570
37.98509200,-1.11499110
37.98510800,-1.11499660
37.98512400,-1.11500200
37.98377700,-1.11453010
37.98379500,-1.11453640
37.98381200,-1.11454270
37.98383000,-1.11454900
37.98384800,-1.11455530
37.98386500,-1.11456160
37.98388300,-1.11456790
37.98390100,-1.11457420
37.98391800,-1.11458050
37.98393600,-1.11458680
37.98395400,-1.11459310
37.98397100,-1.11459940
37.98398900,-1.11460570
37.98400700,-1.11461200
37.98402400,-1.11461830
37.98404200,-1.11462460
37.98406000,-1.11463090
37.98407700,-1.11463720
37.98409500,-1.11464350
37.98411300,-1.11464980
37.98413000,-1.11465610
37.98414800,-1.11466240
37.98416600,-1.11466870
37.98418300,-1.11467510
37.98420100,-1.11468140
37.98421900,-1.11468770
37.98423600,-1.11469400
37.98425400,-1.11470030
37.98427200,-1.11470660
37.98428900,-1.11471290
37.98430700,-1.11471920
37.98432500,-1.11472550
37.98434200,-1.11473180
37.98436000,-1.11473810
37.98437800,-1.11474440
37.98439500,-1.11475070
37.98441300,-1.11475700
37.98443100,-1.11476330
37.98444800,-1.11476960
37.98446600,-1.11477590
37.98448400,-1.11478220
37.99640100,-1.13403210
37.99640500,-1.13400810
37.99640800,-1.13398420
37.99641200,-1.13396020
37.99641600,-1.13393630
37.99641900,-1.13391230
37.99642300,-1.13388830
37.99642700,-1.13386440
37.99643000,-1.13384040
37.99643400,-1.13381650
37.99643800,-1.13379250
37.99644100,-1.13376860
37.99644500,-1.13374460
37.99644900,-1.13372070
37.99645200,-1.13369670
37.99645600,-1.13367270
37.99646000,-1.13364880
37.99646300,-1.13362480
37.99646700,-1.13360090
37.99647100,-1.13357690
37.99647500,-1.13355300
37.99647800,-1.13352900
37.99648200,-1.13350500
37.99648600,-1.13348110
37.99648900,-1.13345710
37.99649300,-1.13343320
37.99649700,-1.13340920
37.99650000,-1.13338530
37.99650400,-1.13336130
37.99650800,-1.13333740
37.99651100,-1.13331340
37.99651500,-1.13328940
37.99651900,-1.13326550
37.99652200,-1.13324150
37.99652600,-1.13321760
37.99653000,-1.13319360
37.99653300,-1.13316970
37.99653700,-1.13314570
37.99654100,-1.13312170
37.99654400,-1.13309780
37.99654800,-1.13307380
37.99640000,-1.13403270
37.99640800,-1.13399210
37.99641500,-1.13395150
37.99642200,-1.13391090
37.99643000,-1.13387030
37.99643700,-1.13382970
37.99644400,-1.13378920
37.99645200,-1.13374860
37.99645900,-1.13370800
37.99646600,-1.13366740
37.99647300,-1.13362680
37.99648100,-1.13358620
37.99648800,-1.13354560
37.99649500,-1.13350500
37.99650300,-1.13346440
37.99651000,-1.13342390
37.99651700,-1.13338330
37.99652500,-1.13334270
37.99653200,-1.13330210
37.99653900,-1.13326150
37.99654700,-1.13322090
37.99655400,-1.13318030
37.99656100,-1.13313970
37.99656900,-1.13309920
37.99657600,-1.13305860
37.99658300,-1.13301800
37.99659000,-1.13297740
37.99659800,-1.13293680
37.99660500,-1.13289620
37.99661200,-1.13285560
37.99662000,-1.13281500
37.99662700,-1.13277450
37.99663400,-1.13273390
37.99664200,-1.13269330
37.99664900,-1.13265270
37.99665600,-1.13261210
37.99666400,-1.13257150
37.99667100,-1.13253090
37.99667800,-1.13249030
37.99668600,-1.13244980
37.99669300,-1.13240920
37.99669100,-1.13241070
37.99669400,-1.13239940
37.99669700,-1.13238810
37.99670000,-1.13237680
37.99670300,-1.13236560
37.99670600,-1.13235430
37.99670900,-1.13234300
37.99671200,-1.13233170
37.99671500,-1.13232040
37.99671800,-1.13230920
37.99672100,-1.13229790
37.99672400,-1.13228660
37.99672600,-1.13227530
37.99672900,-1.13226400
37.99673200,-1.13225280
37.99673500,-1.13224150
37.99673800,-1.13223020
37.99674100,-1.13221890
37.99674400,-1.13220760
37.99674700,-1.13219640
37.99675000,-1.13218510
37.99675300,-1.13217380
37.99675600,-1.13216250
37.99675900,-1.13215120
37.99676200,-1.13214000
37.99676500,-1.13212870
37.99676800,-1.13211740
37.99677000,-1.13210610
37.99677300,-1.13209480
37.99677600,-1.13208360
37.99677900,-1.13207230
37.99678200,-1.13206100
37.99678500,-1.13204970
37.99678800,-1.13203840
37.99679100,-1.13202720
37.99679400,-1.13201590
37.99679700,-1.13200460
37.99680000,-1.13199330
37.99680300,-1.13198200
37.99680600,-1.13197080
37.99680900,-1.13195950
37.99679900,-1.13196910
37.99682800,-1.13184200
37.99685700,-1.13171490
37.99688500,-1.13158780
37.99691400,-1.13146070
37.99694300,-1.13133360
37.99697200,-1.13120650
37.99700100,-1.13107940
37.99703000,-1.13095230
37.99705800,-1.13082520
37.99708700,-1.13069810
37.99711600,-1.13057100
37.99714500,-1.13044390
37.99717400,-1.13031680
37.99720200,-1.13018970
37.99723100,-1.13006260
37.99726000,-1.12993550
37.99728900,-1.12980840
37.99731800,-1.12968130
37.99734700,-1.12955420
37.99737500,-1.12942710
37.99740400,-1.12930000
37.99743300,-1.12917290
37.99746200,-1.12904580
37.99749100,-1.12891870
37.99752000,-1.12879160
37.99754800,-1.12866450
37.99757700,-1.12853740
37.99760600,-1.12841030
37.99763500,-1.12828320
37.99766400,-1.12815610
37.99769200,-1.12802900
37.99772100,-1.12790190
37.99775000,-1.12777480
37.99777900,-1.12764770
37.99780800,-1.12752060
37.99783700,-1.12739350
37.99786500,-1.12726640
37.99789400,-1.12713930
37.99792300,-1.12701220
37.99795200,-1.12688510
37.99618900,-1.13422680
37.99623300,-1.13404340
37.99627700,-1.13385990
37.99632100,-1.13367650
37.99636500,-1.13349300
37.99640900,-1.13330960
37.99645300,-1.13312610
37.99649700,-1.13294270
37.99654100,-1.13275920
37.99658500,-1.13257570
37.99662900,-1.13239230
37.99667300,-1.13220880
37.99671700,-1.13202540
37.99676100,-1.13184190
37.99680500,-1.13165850
37.99684900,-1.13147500
37.99689300,-1.13129160
37.99693700,-1.13110810
37.99698100,-1.13092470
37.99702500,-1.13074120
37.99706900,-1.13055780
37.99711300,-1.13037430
37.99715700,-1.13019090
37.99720100,-1.13000740
37.99724500,-1.12982400
37.99728900,-1.12964050
37.99733300,-1.12945710
37.99737700,-1.12927360
37.99742100,-1.12909020
37.99746500,-1.12890670
37.99750800,-1.12872330
37.99755200,-1.12853980
37.99759600,-1.12835640
37.99764000,-1.12817290
37.99768400,-1.12798940
37.99772800,-1.12780600
37.99777200,-1.12762250
37.99781600,-1.12743910
37.99786000,-1.12725560
37.99790400,-1.12707220
37.99794800,-1.12688870
37.99619300,-1.13422320
37.99620100,-1.13418500
37.99620800,-1.13414680
37.99621600,-1.13410850
37.99622400,-1.13407030
37.99623200,-1.13403200
37.99624000,-1.13399380
37.99624700,-1.13395560
37.99625500,-1.13391730
37.99626300,-1.13387910
37.99627100,-1.13384080
37.99627900,-1.13380260
37.99628700,-1.13376440
37.99629400,-1.13372610
37.99630200,-1.13368790
37.99631000,-1.13364960
37.99631800,-1.13361140
37.99632600,-1.13357320
37.99633300,-1.13353490
37.99634100,-1.13349670
37.99634900,-1.13345840
37.99635700,-1.13342020
37.99636500,-1.13338200
37.99637200,-1.13334370
37.99638000,-1.13330550
37.99638800,-1.13326720
37.99639600,-1.13322900
37.99640400,-1.13319080
37.99641200,-1.13315250
37.99641900,-1.13311430
37.99642700,-1.13307600
37.99643500,-1.13303780
37.99644300,-1.13299960
37.99645100,-1.13296130
37.99645800,-1.13292310
37.99646600,-1.13288490
37.99647400,-1.13284660
37.99648200,-1.13280840
37.99649000,-1.13277010
37.99649800,-1.13273190
37.99650500,-1.13269370
37.99650200,-1.13269650
37.99650800,-1.13267550
37.99651300,-1.13265440
37.99651800,-1.13263330
37.99652300,-1.13261230
37.99652800,-1.13259120
37.99653300,-1.13257020
37.99653800,-1.13254910
37.99654300,-1.13252810
37.99654800,-1.13250700
37.99655300,-1.13248600
37.99655800,-1.13246490
37.99656300,-1.13244390
37.99656800,-1.13242280
37.99657400,-1.13240180
37.99657900,-1.13238070
37.99658400,-1.13235970
37.99658900,-1.13233860
37.99659400,-1.13231760
37.99659900,-1.13229650
37.99660400,-1.13227550
37.99660900,-1.13225440
37.99661400,-1.13223340
37.99661900,-1.13221230
37.99662400,-1.13219130
37.99662900,-1.13217020
37.99663400,-1.13214920
37.99664000,-1.13212810
37.99664500,-1.13210710
37.99665000,-1.13208600
37.99665500,-1.13206500
37.99666000,-1.13204390
37.99666500,-1.13202280
37.99667000,-1.13200180
37.99667500,-1.13198070
37.99668000,-1.13195970
37.99668500,-1.13193860
37.99669000,-1.13191760
37.99669500,-1.13189650
37.99670000,-1.13187550
37.99670600,-1.13185440
37.99670400,-1.13185550
37.99673200,-1.13173260
37.99675900,-1.13160970
37.99678600,-1.13148680
37.99681400,-1.13136390
37.99684100,-1.13124100
37.99686800,-1.13111810
37.99689600,-1.13099520
37.99692300,-1.13087230
37.99695000,-1.13074940
37.99697800,-1.13062650
37.99700500,-1.13050360
37.99703200,-1.13038070
37.99705900,-1.13025780
37.99708700,-1.13013490
37.99711400,-1.13001190
37.99714100,-1.12988900
37.99716900,-1.12976610
37.99719600,-1.12964320
37.99722300,-1.12952030
37.99725100,-1.12939740
37.99727800,-1.12927450
37.99730500,-1.12915160
37.99733200,-1.12902870
37.99736000,-1.12890580
37.99738700,-1.12878290
37.99741400,-1.12866000
37.99744200,-1.12853710
37.99746900,-1.12841420
37.99749600,-1.12829130
37.99752400,-1.12816840
37.99755100,-1.12804550
37.99757800,-1.12792260
37.99760600,-1.12779970
37.99763300,-1.12767680
37.99766000,-1.12755390
37.99768700,-1.12743090
37.99771500,-1.12730800
37.99774200,-1.12718510
37.99776900,-1.12706220
37.99779700,-1.12693930
38.00228200,-1.14834080
38.00230100,-1.14831270
38.00231900,-1.14828470
38.00233800,-1.14825660
38.00235600,-1.14822850
38.00237500,-1.14820040
38.00239300,-1.14817230
38.00241200,-1.14814420
38.00243000,-1.14811610
38.00244900,-1.14808800
38.00246700,-1.14806000
38.00248600,-1.14803190
38.00250400,-1.14800380
38.00252300,-1.14797570
38.00254100,-1.14794760
38.00256000,-1.14791950
38.00257800,-1.14789140
38.00259700,-1.14786330
38.00261500,-1.14783530
38.00263400,-1.14780720
38.00265200,-1.14777910
38.00267100,-1.14775100
38.00268900,-1.14772290
38.00270800,-1.14769480
38.00272600,-1.14766670
38.00274500,-1.14763870
38.00276300,-1.14761060
38.00278200,-1.14758250
38.00280100,-1.14755440
38.00281900,-1.14752630
38.00283800,-1.14749820
38.00285600,-1.14747010
38.00287500,-1.14744200
38.00289300,-1.14741400
38.00291200,-1.14738590
38.00293000,-1.14735780
38.00294900,-1.14732970
38.00296700,-1.14730160
38.00298600,-1.14727350
38.00300400,-1.14724540
38.00302300,-1.14721730
38.00302500,-1.14721520
38.00303200,-1.14720070
38.00303800,-1.14718620
38.00304500,-1.14717170
38.00305200,-1.14715720
38.00305900,-1.14714270
38.00306500,-1.14712820
38.00307200,-1.14711370
38.00307900,-1.14709920
38.00308600,-1.14708470
38.00309300,-1.14707020
38.00309900,-1.14705570
38.00310600,-1.14704120
38.00311300,-1.14702670
38.00312000,-1.14701220
38.00312600,-1.14699770
38.00313300,-1.14698320
38.00314000,-1.14696870
38.00314700,-1.14695420
38.00315400,-1.14693970
38.00316000,-1.14692520
38.00316700,-1.14691070
38.00317400,-1.14689610
38.00318100,-1.14688160
38.00318700,-1.14686710
38.00319400,-1.14685260
38.00320100,-1.14683810
38.00320800,-1.14682360
38.00321500,-1.14680910
38.00322100,-1.14679460
38.00322800,-1.14678010
38.00323500,-1.14676560
38.00324200,-1.14675110
38.00324800,-1.14673660
38.00325500,-1.14672210
38.00326200,-1.14670760
38.00326900,-1.14669310
38.00327600,-1.14667860
38.00328200,-1.14666410
38.00328900,-1.14664960
38.00329600,-1.14663510
38.00330200,-1.14662870
38.00331300,-1.14662200
38.00332400,-1.14661530
38.00333500,-1.14660870
38.00334600,-1.14660200
38.00335700,-1.14659540
38.00336800,-1.14658870
38.00337900,-1.14658210
38.00339000,-1.14657540
38.00340100,-1.14656880
38.00341200,-1.14656210
38.00342300,-1.14655540
38.00343400,-1.14654880
38.00344500,-1.14654210
38.00345600,-1.14653550
38.00346700,-1.14652880
38.00347800,-1.14652220
38.00348900,-1.14651550
38.00350000,-1.14650880
38.00351100,-1.14650220
38.00352200,-1.14649550
38.00353300,-1.14648890
38.00354400,-1.14648220
38.00355500,-1.14647560
38.00356600,-1.14646890
38.00357700,-1.14646230
38.00358900,-1.14645560
38.00360000,-1.14644890
38.00361100,-1.14644230
38.00362200,-1.14643560
38.00363300,-1.14642900
38.00364400,-1.14642230
38.00365500,-1.14641570
38.00366600,-1.14640900
38.00367700,-1.14640230
38.00368800,-1.14639570
38.00369900,-1.14638900
38.00371000,-1.14638240
38.00372100,-1.14637570
38.00373200,-1.14636910
38.00374300,-1.14636240
38.00374000,-1.14636550
38.00375500,-1.14635050
38.00377000,-1.14633550
38.00378500,-1.14632050
38.00380000,-1.14630540
38.00381600,-1.14629040
38.00383100,-1.14627540
38.00384600,-1.14626040
38.00386100,-1.14624540
38.00387600,-1.14623040
38.00389200,-1.14621540
38.00390700,-1.14620040
38.00392200,-1.14618540
38.00393700,-1.14617030
38.00395200,-1.14615530
38.00396800,-1.14614030
38.00398300,-1.14612530
38.00399800,-1.14611030
38.00401300,-1.14609530
38.00402900,-1.14608030
38.00404400,-1.14606530
38.00405900,-1.14605030
38.00407400,-1.14603520
38.00408900,-1.14602020
38.00410500,-1.14600520
38.00412000,-1.14599020
38.00413500,-1.14597520
38.00415000,-1.14596020
38.00416500,-1.14594520
38.00418100,-1.14593020
38.00419600,-1.14591520
38.00421100,-1.14590020
38.00422600,-1.14588510
38.00424100,-1.14587010
38.00425700,-1.14585510
38.00427200,-1.14584010
38.00428700,-1.14582510
38.00430200,-1.14581010
38.00431800,-1.14579510
38.00433300,-1.14578010
38.00434800,-1.14576510
38.00435600,-1.14575700
38.00435800,-1.14575750
38.00436000,-1.14575810
38.00436200,-1.14575860
38.00436400,-1.14575920
38.00436600,-1.14575980
38.00436800,-1.14576030
38.00437000,-1.14576090
38.00437200,-1.14576150
38.00437400,-1.14576200
38.00437600,-1.14576260
38.00437800,-1.14576310
38.00438000,-1.14576370
38.00438200,-1.14576430
38.00438400,-1.14576480
38.00438600,-1.14576540
38.00438800,-1.14576590
38.00439000,-1.14576650
38.00439200,-1.14576710
38.00439400,-1.14576760
38.00439600,-1.14576820
38.00439800,-1.14576870
38.00440000,-1.14576930
38.00440200,-1.14576990
38.00440400,-1.14577040
38.00440600,-1.14577100
38.00440800,-1.14577150
38.00441000,-1.14577210
38.00441200,-1.14577270
38.00441400,-1.14577320
38.00441600,-1.14577380
38.00441800,-1.14577430
38.00442000,-1.14577490
38.00442300,-1.14577550
38.00442500,-1.14577600
38.00442700,-1.14577660
38.00442900,-1.14577720
38.00443100,-1.14577770
38.00443300,-1.14577830
38.00443500,-1.14577880
38.00443700,-1.14577940
38.00444100,-1.14577500
38.00445300,-1.14576290
38.00446500,-1.14575070
38.00447600,-1.14573850
38.00448800,-1.14572630
38.00450000,-1.14571420
38.00451200,-1.14570200
38.00452300,-1.14568980
38.00453500,-1.14567760
38.00454700,-1.14566540
38.00455900,-1.14565330
38.00457100,-1.14564110
38.00458200,-1.14562890
38.00459400,-1.14561670
38.00460600,-1.14560450
38.00461800,-1.14559240
38.00462900,-1.14558020
38.00464100,-1.14556800
38.00465300,-1.14555580
38.00466500,-1.14554360
38.00467700,-1.14553150
38.00468800,-1.14551930
38.00470000,-1.14550710
38.00471200,-1.14549490
38.00472400,-1.14548270
38.00473500,-1.14547060
38.00474700,-1.14545840
38.00475900,-1.14544620
38.00477100,-1.14543400
38.00478300,-1.14542190
38.00479400,-1.14540970
38.00480600,-1.14539750
38.00481800,-1.14538530
38.00483000,-1.14537310
38.00484100,-1.14536100
38.00485300,-1.14534880
38.00486500,-1.14533660
38.00487700,-1.14532440
38.00488900,-1.14531220
38.00490000,-1.14530010
38.00491200,-1.14528790
38.00491400,-1.14528640
38.00492400,-1.14528070
38.00493500,-1.14527500
38.00494600,-1.14526920
38.00495700,-1.14526350
38.00496800,-1.14525780
38.00497900,-1.14525200
38.00498900,-1.14524630
38.00500000,-1.14524060
38.00501100,-1.14523480
38.00502200,-1.14522910
38.00503300,-1.14522330
38.00504400,-1.14521760
38.00505400,-1.14521190
38.00506500,-1.14520610
38.00507600,-1.14520040
38.00508700,-1.14519470
38.00509800,-1.14518890
38.00510900,-1.14518320
38.00511900,-1.14517750
38.00513000,-1.14517170
38.00514100,-1.14516600
38.00515200,-1.14516030
38.00516300,-1.14515450
38.00517400,-1.14514880
38.00518400,-1.14514310
38.00519500,-1.14513730
38.00520600,-1.14513160
38.00521700,-1.14512590
38.00522800,-1.14512010
38.00523900,-1.14511440
38.00524900,-1.14510870
38.00526000,-1.14510290
38.00527100,-1.14509720
38.00528200,-1.14509150
38.00529300,-1.14508570
38.00530400,-1.14508000
38.00531400,-1.14507430
38.00532500,-1.14506850
38.00533600,-1.14506280
38.00534700,-1.14505710
38.00535400,-1.14505020
38.00537500,-1.14504730
38.00539600,-1.14504440
38.00541700,-1.14504150
38.00543700,-1.14503860
38.00545800,-1.14503570
38.00547900,-1.14503280
38.00550000,-1.14502990
38.00552100,-1.14502710
38.00554200,-1.14502420
38.00556300,-1.14502130
38.00558400,-1.14501840
38.00560400,-1.14501550
38.00562500,-1.14501260
38.00564600,-1.14500970
38.00566700,-1.14500680
38.00568800,-1.14500400
38.00570900,-1.14500110
38.00573000,-1.14499820
38.00575100,-1.14499530
38.00577200,-1.14499240
38.00579200,-1.14498950
38.00581300,-1.14498660
38.00583400,-1.14498370
38.00585500,-1.14498090
38.00587600,-1.14497800
38.00589700,-1.14497510
38.00591800,-1.14497220
38.00593900,-1.14496930
38.00596000,-1.14496640
38.00598000,-1.14496350
38.00600100,-1.14496060
38.00602200,-1.14495780
38.00604300,-1.14495490
38.00606400,-1.14495200
38.00608500,-1.14494910
38.00610600,-1.14494620
38.00612700,-1.14494330
38.00614800,-1.14494040
38.00616800,-1.14493750
38.00618900,-1.14493470
37.98917000,-1.11654530
37.98918000,-1.11655650
37.98919100,-1.11656780
37.98920100,-1.11657900
37.98921200,-1.11659020
37.98922300,-1.11660150
37.98923300,-1.11661270
37.98924400,-1.11662390
37.98925400,-1.11663520
37.98926500,-1.11664640
37.98927600,-1.11665770
37.98928600,-1.11666890
37.98929700,-1.11668010
37.98930700,-1.11669140
37.98931800,-1.11670260
37.98932900,-1.11671390
37.98933900,-1.11672510
37.98935000,-1.11673630
37.98936000,-1.11674760
37.98937100,-1.11675880
37.98938100,-1.11677000
37.98939200,-1.11678130
37.98940300,-1.11679250
37.98941300,-1.11680380
37.98942400,-1.11681500
37.98943400,-1.11682620
37.98944500,-1.11683750
37.98945600,-1.11684870
37.98946600,-1.11686000
37.98947700,-1.11687120
37.98948700,-1.11688240
37.98949800,-1.11689370
37.98950800,-1.11690490
37.98951900,-1.11691620
37.98953000,-1.11692740
37.98954000,-1.11693860
37.98955100,-1.11694990
37.98956100,-1.11696110
37.98957200,-1.11697230
37.98958300,-1.11698360
37.98959300,-1.11699480
37.98858700,-1.11611660
37.98860200,-1.11612730
37.98861700,-1.11613800
37.98863100,-1.11614870
37.98864600,-1.11615940
37.98866000,-1.11617010
37.98867500,-1.11618080
37.98868900,-1.11619150
37.98870400,-1.11620220
37.98871900,-1.11621290
37.98873300,-1.11622360
37.98874800,-1.11623430
37.98876200,-1.11624500
37.98877700,-1.11625570
37.98879100,-1.11626640
37.98880600,-1.11627710
37.98882100,-1.11628780
37.98883500,-1.11629850
37.98885000,-1.11630920
37.98886400,-1.11631990
37.98887900,-1.11633060
37.98889300,-1.11634130
37.98890800,-1.11635200
37.98892300,-1.11636270
37.98893700,-1.11637340
37.98895200,-1.11638410
37.98896600,-1.11639480
37.98898100,-1.11640550
37.98899600,-1.11641620
37.98901000,-1.11642690
37.98902500,-1.11643760
37.98903900,-1.11644820
37.98905400,-1.11645890
37.98906800,-1.11646960
37.98908300,-1.11648030
37.98909800,-1.11649100
37.98911200,-1.11650170
37.98912700,-1.11651240
37.98914100,-1.11652310
37.98915600,-1.11653380
37.98917000,-1.11654450
37.98802200,-1.11584680
37.98803600,-1.11585360
37.98805000,-1.11586040
37.98806400,-1.11586720
37.98807900,-1.11587400
37.98809300,-1.11588080
37.98810700,-1.11588760
37.98812100,-1.11589440
37.98813500,-1.11590120
37.98814900,-1.11590800
37.98816300,-1.11591480
37.98817700,-1.11592160
37.98819100,-1.11592840
37.98820500,-1.11593520
37.98821900,-1.11594200
37.98823300,-1.11594880
37.98824700,-1.11595560
37.98826200,-1.11596230
37.98827600,-1.11596910
37.98829000,-1.11597590
37.98830400,-1.11598270
37.98831800,-1.11598950
37.98833200,-1.11599630
37.98834600,-1.11600310
37.98836000,-1.11600990
37.98837400,-1.11601670
37.98838800,-1.11602350
37.98840200,-1.11603030
37.98841600,-1.11603710
37.98843000,-1.11604390
37.98844500,-1.11605070
37.98845900,-1.11605750
37.98847300,-1.11606430
37.98848700,-1.11607110
37.98850100,-1.11607790
37.98851500,-1.11608470
37.98852900,-1.11609150
37.98854300,-1.11609830
37.98855700,-1.11610510
37.98857100,-1.11611190
37.98858500,-1.11611870
37.98751900,-1.11571110
37.98753100,-1.11571450
37.98754400,-1.11571790
37.98755700,-1.11572130
37.98756900,-1.11572470
37.98758200,-1.11572810
37.98759400,-1.11573150
37.98760700,-1.11573490
37.98762000,-1.11573820
37.98763200,-1.11574160
37.98764500,-1.11574500
37.98765700,-1.11574840
37.98767000,-1.11575180
37.98768200,-1.11575520
37.98769500,-1.11575860
37.98770800,-1.11576200
37.98772000,-1.11576540
37.98773300,-1.11576880
37.98774500,-1.11577220
37.98775800,-1.11577560
37.98777100,-1.11577890
37.98778300,-1.11578230
37.98779600,-1.11578570
37.98780800,-1.11578910
37.98782100,-1.11579250
37.98783300,-1.11579590
37.98784600,-1.11579930
37.98785900,-1.11580270
37.98787100,-1.11580610
37.98788400,-1.11580950
37.98789600,-1.11581290
37.98790900,-1.11581630
37.98792200,-1.11581960
37.98793400,-1.11582300
37.98794700,-1.11582640
37.98795900,-1.11582980
37.98797200,-1.11583320
37.98798400,-1.11583660
37.98799700,-1.11584000
37.98801000,-1.11584340
37.98802200,-1.11584680
37.98670300,-1.11562230
37.98672300,-1.11562440
37.98674400,-1.11562660
37.98676400,-1.11562870
37.98678500,-1.11563090
37.98680500,-1.11563300
37.98682600,-1.11563520
37.98684600,-1.11563730
37.98686700,-1.11563950
37.98688700,-1.11564160
37.98690800,-1.11564370
37.98692800,-1.11564590
37.98694800,-1.11564800
37.98696900,-1.11565020
37.98698900,-1.11565230
37.98701000,-1.11565450
37.98703000,-1.11565660
37.98705100,-1.11565880
37.98707100,-1.11566090
37.98709200,-1.11566310
37.98711200,-1.11566520
37.98713300,-1.11566740
37.98715300,-1.11566950
37.98717400,-1.11567170
37.98719400,-1.11567380
37.98721500,-1.11567600
37.98723500,-1.11567810
37.98725600,-1.11568030
37.98727600,-1.11568240
37.98729700,-1.11568460
37.98731700,-1.11568670
37.98733700,-1.11568890
37.98735800,-1.11569100
37.98737800,-1.11569320
37.98739900,-1.11569530
37.98741900,-1.11569750
37.98744000,-1.11569960
37.98746000,-1.11570180
37.98748100,-1.11570390
37.98750100,-1.11570610
37.98752200,-1.11570820
37.98543200,-1.11515930
37.98546400,-1.11517080
37.98549500,-1.11518230
37.98552700,-1.11519370
37.98555900,-1.11520520
37.98559100,-1.11521670
37.98562300,-1.11522810
37.98565500,-1.11523960
37.98568700,-1.11525110
37.98571900,-1.11526250
37.98575100,-1.11527400
37.98578200,-1.11528540
37.98581400,-1.11529690
37.98584600,-1.11530840
37.98587800,-1.11531980
37.98591000,-1.11533130
37.98594200,-1.11534280
37.98597400,-1.11535420
37.98600600,-1.11536570
37.98603700,-1.11537720
37.98606900,-1.11538860
37.98610100,-1.11540010
37.98613300,-1.11541160
37.98616500,-1.11542300
37.98619700,-1.11543450
37.98622900,-1.11544600
37.98626100,-1.11545740
37.98629300,-1.11546890
37.98632400,-1.11548040
37.98635600,-1.11549180
37.98638800,-1.11550330
37.98642000,-1.11551470
37.98645200,-1.11552620
37.98648400,-1.11553770
37.98651600,-1.11554910
37.98654800,-1.11556060
37.98658000,-1.11557210
37.98661100,-1.11558350
37.98664300,-1.11559500
37.98667500,-1.11560650
37.98670700,-1.11561790
37.98506200,-1.11506420
37.98507100,-1.11506680
37.98508000,-1.11506930
37.98508900,-1.11507180
37.98509800,-1.11507430
37.98510700,-1.11507680
37.98511600,-1.11507940
37.98512500,-1.11508190
37.98513500,-1.11508440
37.98514400,-1.11508690
37.98515300,-1.11508950
37.98516200,-1.11509200
37.98517100,-1.11509450
37.98518000,-1.11509700
37.98518900,-1.11509950
37.98519800,-1.11510210
37.98520700,-1.11510460
37.98521700,-1.11510710
37.98522600,-1.11510960
37.98523500,-1.11511220
37.98524400,-1.11511470
37.98525300,-1.11511720
37.98526200,-1.11511970
37.98527100,-1.11512230
37.98528000,-1.11512480
37.98528900,-1.11512730
37.98529800,-1.11512980
37.98530800,-1.11513230
37.98531700,-1.11513490
37.98532600,-1.11513740
37.98533500,-1.11513990
37.98534400,-1.11514240
37.98535300,-1.11514500
37.98536200,-1.11514750
37.98537100,-1.11515000
37.98538000,-1.11515250
37.98538900,-1.11515500
37.98539900,-1.11515760
37.98540800,-1.11516010
37.98541700,-1.11516260
37.98542600,-1.11516510
37.98442200,-1.11484360
37.98443800,-1.11484910
37.98445400,-1.11485450
37.98447100,-1.11486000
37.98448700,-1.11486540
37.98450300,-1.11487090
37.98451900,-1.11487630
37.98453500,-1.11488180
37.98455100,-1.11488730
37.98456700,-1.11489270
37.98458300,-1.11489820
37.98459900,-1.11490360
37.98461500,-1.11490910
37.98463100,-1.11491450
37.98464700,-1.11492000
37.98466300,-1.11492540
37.98467900,-1.11493090
37.98469500,-1.11493630
37.98471100,-1.11494180
37.98472700,-1.11494720
37.98474300,-1.11495270
37.98475900,-1.11495810
37.98477500,-1.11496360
37.98479100,-1.11496900
37.98480800,-1.11497450
37.98482400,-1.11497990
37.98484000,-1.11498540
37.98485600,-1.11499090
37.98487200,-1.11499630
37.98488800,-1.11500180
37.98490400,-1.11500720
37.98492000,-1.11501270
37.98493600,-1.11501810
37.98495200,-1.11502360
37.98496800,-1.11502900
37.98498400,-1.11503450
37.98500000,-1.11503990
37.98501600,-1.11504540
37.98503200,-1.11505080
37.98504800,-1.11505630
37.98506400,-1.11506170
37.98372100,-1.11458620
37.98373800,-1.11459270
37.98375600,-1.11459910
37.98377300,-1.11460560
37.98379100,-1.11461200
37.98380800,-1.11461850
37.98382600,-1.11462490
37.98384300,-1.11463140
37.98386100,-1.11463780
37.98387900,-1.11464430
37.98389600,-1.11465070
37.98391400,-1.11465720
37.98393100,-1.11466360
37.98394900,-1.11467010
37.98396600,-1.11467650
37.98398400,-1.11468300
37.98400100,-1.11468940
37.98401900,-1.11469590
37.98403600,-1.11470230
37.98405400,-1.11470880
37.98407100,-1.11471520
37.98408900,-1.11472170
37.98410600,-1.11472810
37.98412400,-1.11473460
37.98414100,-1.11474100
37.98415900,-1.11474750
37.98417600,-1.11475390
37.98419400,-1.11476040
37.98421100,-1.11476680
37.98422900,-1.11477330
37.98424700,-1.11477970
37.98426400,-1.11478620
37.98428200,-1.11479260
37.98429900,-1.11479910
37.98431700,-1.11480550
37.98433400,-1.11481200
37.98435200,-1.11481840
37.98436900,-1.11482490
37.98438700,-1.11483130
37.98440400,-1.11483780
37.98442200,-1.11484420
37.99639200,-1.13404130
37.99639500,-1.13401730
37.99639900,-1.13399330
37.99640300,-1.13396930
37.99640700,-1.13394530
37.99641000,-1.13392130
37.99641400,-1.13389730
37.99641800,-1.13387330
37.99642100,-1.13384930
37.99642500,-1.13382530
37.99642900,-1.13380130
37.99643300,-1.13377730
37.99643600,-1.13375330
37.99644000,-1.13372930
37.99644400,-1.13370530
37.99644800,-1.13368130
37.99645100,-1.13365730
37.99645500,-1.13363330
37.99645900,-1.13360930
37.99646200,-1.13358530
37.99646600,-1.13356130
37.99647000,-1.13353730
37.99647400,-1.13351330
37.99647700,-1.13348930
37.99648100,-1.13346530
37.99648500,-1.13344130
37.99648900,-1.13341730
37.99649200,-1.13339330
37.99649600,-1.13336930
37.99650000,-1.13334530
37.99650300,-1.13332130
37.99650700,-1.13329730
37.99651100,-1.13327330
37.99651500,-1.13324930
37.99651800,-1.13322530
37.99652200,-1.13320130
37.99652600,-1.13317730
37.99652900,-1.13315330
37.99653300,-1.13312930
37.99653700,-1.13310530
37.99654100,-1.13308130
37.99639300,-1.13403970
37.99640100,-1.13399880
37.99640800,-1.13395800
37.99641600,-1.13391710
37.99642400,-1.13387620
37.99643100,-1.13383540
37.99643900,-1.13379450
37.99644600,-1.13375360
37.99645400,-1.13371280
37.99646200,-1.13367190
37.99646900,-1.13363110
37.99647700,-1.13359020
37.99648400,-1.13354930
37.99649200,-1.13350850
37.99650000,-1.13346760
37.99650700,-1.13342670
37.99651500,-1.13338590
37.99652200,-1.13334500
37.99653000,-1.13330410
37.99653700,-1.13326330
37.99654500,-1.13322240
37.99655300,-1.13318160
37.99656000,-1.13314070
37.99656800,-1.13309980
37.99657500,-1.13305900
37.99658300,-1.13301810
37.99659100,-1.13297720
37.99659800,-1.13293640
37.99660600,-1.13289550
37.99661300,-1.13285460
37.99662100,-1.13281380
37.99662900,-1.13277290
37.99663600,-1.13273210
37.99664400,-1.13269120
37.99665100,-1.13265030
37.99665900,-1.13260950
37.99666600,-1.13256860
37.99667400,-1.13252770
37.99668200,-1.13248690
37.99668900,-1.13244600
37.99669700,-1.13240510
37.99668900,-1.13241280
37.99669200,-1.13240160
37.99669500,-1.13239040
37.99669800,-1.13237930
37.99670000,-1.13236810
37.99670300,-1.13235700
37.99670600,-1.13234580
37.99670900,-1.13233470
37.99671200,-1.13232350
37.99671400,-1.13231240
37.99671700,-1.13230120
37.99672000,-1.13229010
37.99672300,-1.13227890
37.99672600,-1.13226780
37.99672800,-1.13225660
37.99673100,-1.13224540
37.99673400,-1.13223430
37.99673700,-1.13222310
37.99674000,-1.13221200
37.99674300,-1.13220080
37.99674500,-1.13218970
37.99674800,-1.13217850
37.99675100,-1.13216740
37.99675400,-1.13215620
37.99675700,-1.13214510
37.99675900,-1.13213390
37.99676200,-1.13212280
37.99676500,-1.13211160
37.99676800,-1.13210050
37.99677100,-1.13208930
37.99677300,-1.13207810
37.99677600,-1.13206700
37.99677900,-1.13205580
37.99678200,-1.13204470
37.99678500,-1.13203350
37.99678700,-1.13202240
37.99679000,-1.13201120
37.99679300,-1.13200010
37.99679600,-1.13198890
37.99679900,-1.13197780
37.99680100,-1.13196660
37.99679700,-1.13197110
37.99682600,-1.13184410
37.99685400,-1.13171710
37.99688300,-1.13159010
37.99691200,-1.13146310
37.99694000,-1.13133610
37.99696900,-1.13120910
37.99699800,-1.13108210
37.99702700,-1.13095510
37.99705500,-1.13082810
37.99708400,-1.13070110
37.99711300,-1.13057410
37.99714200,-1.13044710
37.99717000,-1.13032010
37.99719900,-1.13019310
37.99722800,-1.13006610
37.99725600,-1.12993910
37.99728500,-1.12981210
37.99731400,-1.12968510
37.99734300,-1.12955810
37.99737100,-1.12943110
37.99740000,-1.12930410
37.99742900,-1.12917710
37.99745800,-1.12905010
37.99748600,-1.12892310
37.99751500,-1.12879610
37.99754400,-1.12866910
37.99757200,-1.12854210
37.99760100,-1.12841510
37.99763000,-1.12828810
37.99765900,-1.12816110
37.99768700,-1.12803410
37.99771600,-1.12790710
37.99774500,-1.12778010
37.99777400,-1.12765310
37.99780200,-1.12752610
37.99783100,-1.12739910
37.99786000,-1.12727210
37.99788800,-1.12714510
37.99791700,-1.12701810
37.99794600,-1.12689110
37.99618300,-1.13423330
37.99622700,-1.13404970
37.99627100,-1.13386600
37.99631500,-1.13368230
37.99636000,-1.13349860
37.99640400,-1.13331490
37.99644800,-1.13313120
37.99649200,-1.13294750
37.99653600,-1.13276380
37.99658100,-1.13258010
37.99662500,-1.13239640
37.99666900,-1.13221270
37.99671300,-1.13202910
37.99675700,-1.13184540
37.99680200,-1.13166170
37.99684600,-1.13147800
37.99689000,-1.13129430
37.99693400,-1.13111060
37.99697900,-1.13092690
37.99702300,-1.13074320
37.99706700,-1.13055950
37.99711100,-1.13037580
37.99715500,-1.13019210
37.99720000,-1.13000840
37.99724400,-1.12982480
37.99728800,-1.12964110
37.99733200,-1.12945740
37.99737600,-1.12927370
37.99742100,-1.12909000
37.99746500,-1.12890630
37.99750900,-1.12872260
37.99755300,-1.12853890
37.99759800,-1.12835520
37.99764200,-1.12817150
37.99768600,-1.12798780
37.99773000,-1.12780410
37.99777400,-1.12762050
37.99781900,-1.12743680
37.99786300,-1.12725310
37.99790700,-1.12706940
37.99795100,-1.12688570
37.99618400,-1.13423200
37.99619200,-1.13419370
37.99620000,-1.13415530
37.99620800,-1.13411700
37.99621600,-1.13407860
37.99622400,-1.13404030
37.99623100,-1.13400200
37.99623900,-1.13396360
37.99624700,-1.13392530
37.99625500,-1.13388700
37.99626300,-1.13384860
37.99627100,-1.13381030
37.99627900,-1.13377190
37.99628700,-1.13373360
37.99629500,-1.13369530
37.99630300,-1.13365690
37.99631100,-1.13361860
37.99631900,-1.13358030
37.99632600,-1.13354190
37.99633400,-1.13350360
37.99634200,-1.13346530
37.99635000,-1.13342690
37.99635800,-1.13338860
37.99636600,-1.13335020
37.99637400,-1.13331190
37.99638200,-1.13327360
37.99639000,-1.13323520
37.99639800,-1.13319690
37.99640600,-1.13315860
37.99641300,-1.13312020
37.99642100,-1.13308190
37.99642900,-1.13304350
37.99643700,-1.13300520
37.99644500,-1.13296690
37.99645300,-1.13292850
37.99646100,-1.13289020
37.99646900,-1.13285190
37.99647700,-1.13281350
37.99648500,-1.13277520
37.99649300,-1.13273680
37.99650000,-1.13269850
37.99650600,-1.13269280
37.99651100,-1.13267200
37.99651600,-1.13265130
37.99652100,-1.13263050
37.99652500,-1.13260970
37.99653000,-1.13258890
37.99653500,-1.13256810
37.99654000,-1.13254730
37.99654500,-1.13252650
37.99654900,-1.13250580
37.99655400,-1.13248500
37.99655900,-1.13246420
37.99656400,-1.13244340
37.99656900,-1.13242260
37.99657400,-1.13240180
37.99657800,-1.13238100
37.99658300,-1.13236030
37.99658800,-1.13233950
37.99659300,-1.13231870
37.99659800,-1.13229790
37.99660200,-1.13227710
37.99660700,-1.13225630
37.99661200,-1.13223550
37.99661700,-1.13221480
37.99662200,-1.13219400
37.99662600,-1.13217320
37.99663100,-1.13215240
37.99663600,-1.13213160
37.99664100,-1.13211080
37.99664600,-1.13209000
37.99665000,-1.13206930
37.99665500,-1.13204850
37.99666000,-1.13202770
37.99666500,-1.13200690
37.99667000,-1.13198610
37.99667500,-1.13196530
37.99667900,-1.13194460
37.99668400,-1.13192380
37.99668900,-1.13190300
37.99669400,-1.13188220
37.99669900,-1.13186140
37.99670500,-1.13185540
37.99673200,-1.13173280
37.99675900,-1.13161010
37.99678600,-1.13148750
37.99681300,-1.13136490
37.99684000,-1.13124230
37.99686700,-1.13111960
37.99689400,-1.13099700
37.99692100,-1.13087440
37.99694800,-1.13075180
37.99697500,-1.13062910
37.99700200,-1.13050650
37.99702900,-1.13038390
37.99705600,-1.13026130
37.99708300,-1.13013860
37.99711000,-1.13001600
37.99713700,-1.12989340
37.99716400,-1.12977080
37.99719100,-1.12964810
37.99721800,-1.12952550
37.99724500,-1.12940290
37.99727200,-1.12928020
37.99729900,-1.12915760
37.99732600,-1.12903500
37.99735300,-1.12891240
37.99738000,-1.12878970
37.99740700,-1.12866710
37.99743400,-1.12854450
37.99746100,-1.12842190
37.99748800,-1.12829920
37.99751500,-1.12817660
37.99754200,-1.12805400
37.99756900,-1.12793140
37.99759600,-1.12780870
37.99762300,-1.12768610
37.99765100,-1.12756350
37.99767800,-1.12744090
37.99770500,-1.12731820
37.99773200,-1.12719560
37.99775900,-1.12707300
37.99778600,-1.12695040
38.00221800,-1.14840490
38.00223600,-1.14837700
38.00225500,-1.14834910
38.00227300,-1.14832120
38.00229100,-1.14829340
38.00231000,-1.14826550
38.00232800,-1.14823760
38.00234600,-1.14820970
38.00236500,-1.14818180
38.00238300,-1.14815390
38.00240100,-1.14812610
38.00242000,-1.14809820
38.00243800,-1.14807030
38.00245600,-1.14804240
38.00247400,-1.14801450
38.00249300,-1.14798660
38.00251100,-1.14795880
38.00252900,-1.14793090
38.00254800,-1.14790300
38.00256600,-1.14787510
38.00258400,-1.14784720
38.00260300,-1.14781930
38.00262100,-1.14779140
38.00263900,-1.14776360
38.00265800,-1.14773570
38.00267600,-1.14770780
38.00269400,-1.14767990
38.00271200,-1.14765200
38.00273100,-1.14762410
38.00274900,-1.14759630
38.00276700,-1.14756840
38.00278600,-1.14754050
38.00280400,-1.14751260
38.00282200,-1.14748470
38.00284100,-1.14745680
38.00285900,-1.14742900
38.00287700,-1.14740110
38.00289600,-1.14737320
38.00291400,-1.14734530
38.00293200,-1.14731740
38.00295000,-1.14728950
38.00295500,-1.14728530
38.00296200,-1.14727070
38.00296800,-1.14725620
38.00297500,-1.14724170
38.00298200,-1.14722710
38.00298900,-1.14721260
38.00299600,-1.14719800
38.00300200,-1.14718350
38.00300900,-1.14716900
38.00301600,-1.14715440
38.00302300,-1.14713990
38.00303000,-1.14712540
38.00303600,-1.14711080
38.00304300,-1.14709630
38.00305000,-1.14708170
38.00305700,-1.14706720
38.00306400,-1.14705270
38.00307100,-1.14703810
38.00307700,-1.14702360
38.00308400,-1.14700900
38.00309100,-1.14699450
38.00309800,-1.14698000
38.00310500,-1.14696540
38.00311100,-1.14695090
38.00311800,-1.14693640
38.00312500,-1.14692180
38.00313200,-1.14690730
38.00313900,-1.14689270
38.00314600,-1.14687820
38.00315200,-1.14686370
38.00315900,-1.14684910
38.00316600,-1.14683460
38.00317300,-1.14682000
38.00318000,-1.14680550
38.00318600,-1.14679100
38.00319300,-1.14677640
38.00320000,-1.14676190
38.00320700,-1.14674730
38.00321400,-1.14673280
38.00322000,-1.14671830
38.00322700,-1.14670370
38.00322500,-1.14670640
38.00323600,-1.14669960
38.00324700,-1.14669270
38.00325800,-1.14668580
38.00326900,-1.14667900
38.00328100,-1.14667210
38.00329200,-1.14666520
38.00330300,-1.14665840
38.00331400,-1.14665150
38.00332500,-1.14664470
38.00333700,-1.14663780
38.00334800,-1.14663090
38.00335900,-1.14662410
38.00337000,-1.14661720
38.00338200,-1.14661030
38.00339300,-1.14660350
38.00340400,-1.14659660
38.00341500,-1.14658970
38.00342600,-1.14658290
38.00343800,-1.14657600
38.00344900,-1.14656910
38.00346000,-1.14656230
38.00347100,-1.14655540
38.00348300,-1.14654850
38.00349400,-1.14654170
38.00350500,-1.14653480
38.00351600,-1.14652790
38.00352700,-1.14652110
38.00353900,-1.14651420
38.00355000,-1.14650730
38.00356100,-1.14650050
38.00357200,-1.14649360
38.00358300,-1.14648680
38.00359500,-1.14647990
38.00360600,-1.14647300
38.00361700,-1.14646620
38.00362800,-1.14645930
38.00364000,-1.14645240
38.00365100,-1.14644560
38.00366200,-1.14643870
38.00367300,-1.14643180
38.00366800,-1.14643700
38.00368300,-1.14642190
38.00369900,-1.14640670
38.00371400,-1.14639150
38.00372900,-1.14637640
38.00374500,-1.14636120
38.00376000,-1.14634600
38.00377600,-1.14633090
38.00379100,-1.14631570
38.00380600,-1.14630060
38.00382200,-1.14628540
38.00383700,-1.14627020
38.00385200,-1.14625510
38.00386800,-1.14623990
38.00388300,-1.14622470
38.00389800,-1.14620960
38.00391400,-1.14619440
38.00392900,-1.14617930
38.00394400,-1.14616410
38.00396000,-1.14614890
38.00397500,-1.14613380
38.00399100,-1.14611860
38.00400600,-1.14610350
38.00402100,-1.14608830
38.00403700,-1.14607310
38.00405200,-1.14605800
38.00406700,-1.14604280
38.00408300,-1.14602760
38.00409800,-1.14601250
38.00411300,-1.14599730
38.00412900,-1.14598220
38.00414400,-1.14596700
38.00416000,-1.14595180
38.00417500,-1.14593670
38.00419000,-1.14592150
38.00420600,-1.14590640
38.00422100,-1.14589120
38.00423600,-1.14587600
38.00425200,-1.14586090
38.00426700,-1.14584570
38.00428200,-1.14583050
38.00428300,-1.14583040
38.00428500,-1.14583080
38.00428700,-1.14583120
38.00428900,-1.14583160
38.00429100,-1.14583210
38.00429300,-1.14583250
38.00429600,-1.14583290
38.00429800,-1.14583330
38.00430000,-1.14583370
38.00430200,-1.14583410
38.00430400,-1.14583450
38.00430600,-1.14583490
38.00430900,-1.14583530
38.00431100,-1.14583570
38.00431300,-1.14583610
38.00431500,-1.14583650
38.00431700,-1.14583700
38.00431900,-1.14583740
38.00432200,-1.14583780
38.00432400,-1.14583820
38.00432600,-1.14583860
38.00432800,-1.14583900
38.00433000,-1.14583940
38.00433200,-1.14583980
38.00433500,-1.14584020
38.00433700,-1.14584060
38.00433900,-1.14584100
38.00434100,-1.14584140
38.00434300,-1.14584190
38.00434500,-1.14584230
38.00434800,-1.14584270
38.00435000,-1.14584310
38.00435200,-1.14584350
38.00435400,-1.14584390
38.00435600,-1.14584430
38.00435800,-1.14584470
38.00436100,-1.14584510
38.00436300,-1.14584550
38.00436500,-1.14584590
38.00436700,-1.14584640
38.00436900,-1.14584680
38.00436700,-1.14584910
38.00437900,-1.14583690
38.00439100,-1.14582460
38.00440300,-1.14581230
38.00441400,-1.14580000
38.00442600,-1.14578770
38.00443800,-1.14577540
38.00445000,-1.14576320
38.00446200,-1.14575090
38.00447400,-1.14573860
38.00448600,-1.14572630
38.00449800,-1.14571400
38.00450900,-1.14570180
38.00452100,-1.14568950
38.00453300,-1.14567720
38.00454500,-1.14566490
38.00455700,-1.14565260
38.00456900,-1.14564030
38.00458100,-1.14562810
38.00459300,-1.14561580
38.00460500,-1.14560350
38.00461600,-1.14559120
38.00462800,-1.14557890
38.00464000,-1.14556660
38.00465200,-1.14555440
38.00466400,-1.14554210
38.00467600,-1.14552980
38.00468800,-1.14551750
38.00470000,-1.14550520
38.00471100,-1.14549300
38.00472300,-1.14548070
38.00473500,-1.14546840
38.00474700,-1.14545610
38.00475900,-1.14544380
38.00477100,-1.14543150
38.00478300,-1.14541930
38.00479500,-1.14540700
38.00480700,-1.14539470
38.00481800,-1.14538240
38.00483000,-1.14537010
38.00484200,-1.14535780
38.00484100,-1.14535930
38.00485200,-1.14535340
38.00486300,-1.14534760
38.00487400,-1.14534180
38.00488400,-1.14533590
38.00489500,-1.14533010
38.00490600,-1.14532420
38.00491700,-1.14531840
38.00492800,-1.14531260
38.00493900,-1.14530670
38.00495000,-1.14530090
38.00496100,-1.14529510
38.00497200,-1.14528920
38.00498300,-1.14528340
38.00499400,-1.14527760
38.00500500,-1.14527170
38.00501600,-1.14526590
38.00502700,-1.14526000
38.00503800,-1.14525420
38.00504900,-1.14524840
38.00505900,-1.14524250
38.00507000,-1.14523670
38.00508100,-1.14523090
38.00509200,-1.14522500
38.00510300,-1.14521920
38.00511400,-1.14521330
38.00512500,-1.14520750
38.00513600,-1.14520170
38.00514700,-1.14519580
38.00515800,-1.14519000
38.00516900,-1.14518420
38.00518000,-1.14517830
38.00519100,-1.14517250
38.00520200,-1.14516660
38.00521300,-1.14516080
38.00522400,-1.14515500
38.00523400,-1.14514910
38.00524500,-1.14514330
38.00525600,-1.14513750
38.00526700,-1.14513160
38.00527800,-1.14512580
38.00528400,-1.14512010
38.00530500,-1.14511720
38.00532600,-1.14511430
38.00534700,-1.14511140
38.00536700,-1.14510850
38.00538800,-1.14510560
38.00540900,-1.14510270
38.00543000,-1.14509990
38.00545100,-1.14509700
38.00547200,-1.14509410
38.00549300,-1.14509120
38.00551400,-1.14508830
38.00553500,-1.14508540
38.00555500,-1.14508250
38.00557600,-1.14507960
38.00559700,-1.14507670
38.00561800,-1.14507380
38.00563900,-1.14507100
38.00566000,-1.14506810
38.00568100,-1.14506520
38.00570200,-1.14506230
38.00572300,-1.14505940
38.00574400,-1.14505650
38.00576400,-1.14505360
38.00578500,-1.14505070
38.00580600,-1.14504780
38.00582700,-1.14504490
38.00584800,-1.14504200
38.00586900,-1.14503920
38.00589000,-1.14503630
38.00591100,-1.14503340
38.00593200,-1.14503050
38.00595200,-1.14502760
38.00597300,-1.14502470
38.00599400,-1.14502180
38.00601500,-1.14501890
38.00603600,-1.14501600
38.00605700,-1.14501310
38.00607800,-1.14501030
38.00609900,-1.14500740
38.00612000,-1.14500450
37.98916900,-1.11654570
37.98918000,-1.11655690
37.98919000,-1.11656820
37.98920100,-1.11657950
37.98921100,-1.11659080
37.98922200,-1.11660210
37.98923300,-1.11661340
37.98924300,-1.11662470
37.98925400,-1.11663600
37.98926400,-1.11664730
37.98927500,-1.11665860
37.98928500,-1.11666990
37.98929600,-1.11668120
37.98930600,-1.11669250
37.98931700,-1.11670380
37.98932700,-1.11671510
37.98933800,-1.11672640
37.98934800,-1.11673760
37.98935900,-1.11674890
37.98936900,-1.11676020
37.98938000,-1.11677150
37.98939100,-1.11678280
37.98940100,-1.11679410
37.98941200,-1.11680540
37.98942200,-1.11681670
37.98943300,-1.11682800
37.98944300,-1.11683930
37.98945400,-1.11685060
37.98946400,-1.11686190
37.98947500,-1.11687320
37.98948500,-1.11688450
37.98949600,-1.11689580
37.98950600,-1.11690710
37.98951700,-1.11691840
37.98952700,-1.11692960
37.98953800,-1.11694090
37.98954800,-1.11695220
37.98955900,-1.11696350
37.98957000,-1.11697480
37.98958000,-1.11698610
37.98959100,-1.11699740
37.98858300,-1.11612080
37.98859800,-1.11613140
37.98861300,-1.11614190
37.98862700,-1.11615250
37.98864200,-1.11616300
37.98865700,-1.11617350
37.98867200,-1.11618410
37.98868600,-1.11619460
37.98870100,-1.11620510
37.98871600,-1.11621570
37.98873100,-1.11622620
37.98874500,-1.11623680
37.98876000,-1.11624730
37.98877500,-1.11625780
37.98878900,-1.11626840
37.98880400,-1.11627890
37.98881900,-1.11628950
37.98883400,-1.11630000
37.98884800,-1.11631050
37.98886300,-1.11632110
37.98887800,-1.11633160
37.98889300,-1.11634220
37.98890700,-1.11635270
37.98892200,-1.11636320
37.98893700,-1.11637380
37.98895200,-1.11638430
37.98896600,-1.11639490
37.98898100,-1.11640540
37.98899600,-1.11641590
37.98901000,-1.11642650
37.98902500,-1.11643700
37.98904000,-1.11644760
37.98905500,-1.11645810
37.98906900,-1.11646860
37.98908400,-1.11647920
37.98909900,-1.11648970
37.98911400,-1.11650030
37.98912800,-1.11651080
37.98914300,-1.11652130
37.98915800,-1.11653190
37.98917300,-1.11654240
37.98802400,-1.11584470
37.98803800,-1.11585150
37.98805300,-1.11585820
37.98806700,-1.11586500
37.98808100,-1.11587180
37.98809500,-1.11587860
37.98810900,-1.11588540
37.98812300,-1.11589210
37.98813700,-1.11589890
37.98815100,-1.11590570
37.98816500,-1.11591250
37.98817900,-1.11591930
37.98819300,-1.11592610
37.98820800,-1.11593280
37.98822200,-1.11593960
37.98823600,-1.11594640
37.98825000,-1.11595320
37.98826400,-1.11596000
37.98827800,-1.11596680
37.98829200,-1.11597350
37.98830600,-1.11598030
37.98832000,-1.11598710
37.98833400,-1.11599390
37.98834800,-1.11600070
37.98836300,-1.11600750
37.98837700,-1.11601420
37.98839100,-1.11602100
37.98840500,-1.11602780
37.98841900,-1.11603460
37.98843300,-1.11604140
37.98844700,-1.11604820
37.98846100,-1.11605490
37.98847500,-1.11606170
37.98848900,-1.11606850
37.98850300,-1.11607530
37.98851800,-1.11608210
37.98853200,-1.11608890
37.98854600,-1.11609560
37.98856000,-1.11610240
37.98857400,-1.11610920
37.98858800,-1.11611600
37.98751700,-1.11571350
37.98752900,-1.11571680
37.98754200,-1.11572020
37.98755400,-1.11572350
37.98756700,-1.11572690
37.98758000,-1.11573020
37.98759200,-1.11573360
37.98760500,-1.11573700
37.98761700,-1.11574030
37.98763000,-1.11574370
37.98764300,-1.11574700
37.98765500,-1.11575040
37.98766800,-1.11575370
37.98768100,-1.11575710
37.98769300,-1.11576050
37.98770600,-1.11576380
37.98771800,-1.11576720
37.98773100,-1.11577050
37.98774400,-1.11577390
37.98775600,-1.11577720
37.98776900,-1.11578060
37.98778200,-1.11578400
37.98779400,-1.11578730
37.98780700,-1.11579070
37.98781900,-1.11579400
37.98783200,-1.11579740
37.98784500,-1.11580070
37.98785700,-1.11580410
37.98787000,-1.11580740
37.98788200,-1.11581080
37.98789500,-1.11581420
37.98790800,-1.11581750
37.98792000,-1.11582090
37.98793300,-1.11582420
37.98794600,-1.11582760
37.98795800,-1.11583090
37.98797100,-1.11583430
37.98798300,-1.11583770
37.98799600,-1.11584100
37.98800900,-1.11584440
37.98802100,-1.11584770
37.98671100,-1.11561430
37.98673100,-1.11561670
37.98675100,-1.11561900
37.98677200,-1.11562140
37.98679200,-1.11562370
37.98681200,-1.11562610
37.98683200,-1.11562840
37.98685300,-1.11563080
37.98687300,-1.11563310
37.98689300,-1.11563540
37.98691300,-1.11563780
37.98693400,-1.11564010
37.98695400,-1.11564250
37.98697400,-1.11564480
37.98699500,-1.11564720
37.98701500,-1.11564950
37.98703500,-1.11565190
37.98705500,-1.11565420
37.98707600,-1.11565660
37.98709600,-1.11565890
37.98711600,-1.11566130
37.98713600,-1.11566360
37.98715700,-1.11566600
37.98717700,-1.11566830
37.98719700,-1.11567070
37.98721800,-1.11567300
37.98723800,-1.11567540
37.98725800,-1.11567770
37.98727800,-1.11568010
37.98729900,-1.11568240
37.98731900,-1.11568480
37.98733900,-1.11568710
37.98736000,-1.11568950
37.98738000,-1.11569180
37.98740000,-1.11569420
37.98742000,-1.11569650
37.98744100,-1.11569890
37.98746100,-1.11570120
37.98748100,-1.11570360
37.98750100,-1.11570590
37.98752200,-1.11570830
37.98542700,-1.11516400
37.98545900,-1.11517520
37.98549100,-1.11518650
37.98552300,-1.11519770
37.98555500,-1.11520890
37.98558800,-1.11522020
37.98562000,-1.11523140
37.98565200,-1.11524270
37.98568400,-1.11525390
37.98571600,-1.11526520
37.98574800,-1.11527640
37.98578000,-1.11528770
37.98581200,-1.11529890
37.98584400,-1.11531010
37.98587700,-1.11532140
37.98590900,-1.11533260
37.98594100,-1.11534390
37.98597300,-1.11535510
37.98600500,-1.11536640
37.98603700,-1.11537760
37.98606900,-1.11538890
37.98610100,-1.11540010
37.98613300,-1.11541130
37.98616500,-1.11542260
37.98619800,-1.11543380
37.98623000,-1.11544510
37.98626200,-1.11545630
37.98629400,-1.11546760
37.98632600,-1.11547880
37.98635800,-1.11549010
37.98639000,-1.11550130
37.98642200,-1.11551250
37.98645400,-1.11552380
37.98648700,-1.11553500
37.98651900,-1.11554630
37.98655100,-1.11555750
37.98658300,-1.11556880
37.98661500,-1.11558000
37.98664700,-1.11559130
37.98667900,-1.11560250
37.98671100,-1.11561370
37.98506400,-1.11506170
37.98507400,-1.11506410
37.98508300,-1.11506650
37.98509200,-1.11506900
37.98510100,-1.11507140
37.98511000,-1.11507380
37.98511900,-1.11507630
37.98512900,-1.11507870
37.98513800,-1.11508120
37.98514700,-1.11508360
37.98515600,-1.11508600
37.98516500,-1.11508850
37.98517500,-1.11509090
37.98518400,-1.11509330
37.98519300,-1.11509580
37.98520200,-1.11509820
37.98521100,-1.11510060
37.98522100,-1.11510310
37.98523000,-1.11510550
37.98523900,-1.11510790
37.98524800,-1.11511040
37.98525700,-1.11511280
37.98526700,-1.11511520
37.98527600,-1.11511770
37.98528500,-1.11512010
37.98529400,-1.11512250
37.98530300,-1.11512500
37.98531200,-1.11512740
37.98532200,-1.11512980
37.98533100,-1.11513230
37.98534000,-1.11513470
37.98534900,-1.11513710
37.98535800,-1.11513960
37.98536800,-1.11514200
37.98537700,-1.11514450
37.98538600,-1.11514690
37.98539500,-1.11514930
37.98540400,-1.11515180
37.98541400,-1.11515420
37.98542300,-1.11515660
37.98543200,-1.11515910
37.98441600,-1.11485030
37.98443200,-1.11485550
37.98444800,-1.11486070
37.98446500,-1.11486580
37.98448100,-1.11487100
37.98449700,-1.11487620
37.98451400,-1.11488140
37.98453000,-1.11488660
37.98454600,-1.11489180
37.98456300,-1.11489700
37.98457900,-1.11490220
37.98459500,-1.11490740
37.98461100,-1.11491260
37.98462800,-1.11491780
37.98464400,-1.11492300
37.98466000,-1.11492810
37.98467700,-1.11493330
37.98469300,-1.11493850
37.98470900,-1.11494370
37.98472600,-1.11494890
37.98474200,-1.11495410
37.98475800,-1.11495930
37.98477500,-1.11496450
37.98479100,-1.11496970
37.98480700,-1.11497490
37.98482300,-1.11498010
37.98484000,-1.11498520
37.98485600,-1.11499040
37.98487200,-1.11499560
37.98488900,-1.11500080
37.98490500,-1.11500600
37.98492100,-1.11501120
37.98493800,-1.11501640
37.98495400,-1.11502160
37.98497000,-1.11502680
37.98498700,-1.11503200
37.98500300,-1.11503720
37.98501900,-1.11504240
37.98503500,-1.11504750
37.98505200,-1.11505270
37.98506800,-1.11505790
37.98371800,-1.11458920
37.98373500,-1.11459560
37.98375300,-1.11460210
37.98377000,-1.11460850
37.98378800,-1.11461490
37.98380600,-1.11462130
37.98382300,-1.11462770
37.98384100,-1.11463420
37.98385800,-1.11464060
37.98387600,-1.11464700
37.98389300,-1.11465340
37.98391100,-1.11465980
37.98392800,-1.11466620
37.98394600,-1.11467270
37.98396400,-1.11467910
37.98398100,-1.11468550
37.98399900,-1.11469190
37.98401600,-1.11469830
37.98403400,-1.11470480
37.98405100,-1.11471120
37.98406900,-1.11471760
37.98408600,-1.11472400
37.98410400,-1.11473040
37.98412200,-1.11473680
37.98413900,-1.11474330
37.98415700,-1.11474970
37.98417400,-1.11475610
37.98419200,-1.11476250
37.98420900,-1.11476890
37.98422700,-1.11477540
37.98424400,-1.11478180
37.98426200,-1.11478820
37.98428000,-1.11479460
37.98429700,-1.11480100
37.98431500,-1.11480740
37.98433200,-1.11481390
37.98435000,-1.11482030
37.98436700,-1.11482670
37.98438500,-1.11483310
37.98440200,-1.11483950
37.98442000,-1.11484600
37.99634400,-1.13408940
37.99634700,-1.13406540
37.99635100,-1.13404150
37.99635500,-1.13401750
37.99635800,-1.13399360
37.99636200,-1.13396970
37.99636600,-1.13394570
37.99636900,-1.13392180
37.99637300,-1.13389790
37.99637700,-1.13387390
37.99638000,-1.13385000
37.99638400,-1.13382600
37.99638800,-1.13380210
37.99639100,-1.13377820
37.99639500,-1.13375420
37.99639900,-1.13373030
37.99640200,-1.13370640
37.99640600,-1.13368240
37.99641000,-1.13365850
37.99641300,-1.13363450
37.99641700,-1.13361060
37.99642100,-1.13358670
37.99642400,-1.13356270
37.99642800,-1.13353880
37.99643200,-1.13351490
37.99643500,-1.13349090
37.99643900,-1.13346700
37.99644300,-1.13344300
37.99644600,-1.13341910
37.99645000,-1.13339520
37.99645400,-1.13337120
37.99645700,-1.13334730
37.99646100,-1.13332340
37.99646400,-1.13329940
37.99646800,-1.13327550
37.99647200,-1.13325160
37.99647500,-1.13322760
37.99647900,-1.13320370
37.99648300,-1.13317970
37.99648600,-1.13315580
37.99649000,-1.13313190
37.99634000,-1.13409290
37.99634700,-1.13405230
37.99635500,-1.13401170
37.99636200,-1.13397110
37.99636900,-1.13393050
37.99637700,-1.13388980
37.99638400,-1.13384920
37.99639100,-1.13380860
37.99639900,-1.13376800
37.99640600,-1.13372740
37.99641300,-1.13368680
37.99642100,-1.13364620
37.99642800,-1.13360560
37.99643500,-1.13356500
37.99644300,-1.13352440
37.99645000,-1.13348380
37.99645700,-1.13344320
37.99646500,-1.13340260
37.99647200,-1.13336200
37.99647900,-1.13332140
37.99648700,-1.13328080
37.99649400,-1.13324020
37.99650100,-1.13319960
37.99650900,-1.13315900
37.99651600,-1.13311840
37.99652300,-1.13307780
37.99653100,-1.13303720
37.99653800,-1.13299660
37.99654500,-1.13295600
37.99655300,-1.13291540
37.99656000,-1.13287480
37.99656700,-1.13283420
37.99657500,-1.13279360
37.99658200,-1.13275300
37.99658900,-1.13271240
37.99659700,-1.13267180
37.99660400,-1.13263120
37.99661100,-1.13259060
37.99661900,-1.13255000
37.99662600,-1.13250940
37.99663300,-1.13246880
37.99663200,-1.13247010
37.99663500,-1.13245880
37.99663800,-1.13244750
37.99664100,-1.13243620
37.99664400,-1.13242490
37.99664700,-1.13241370
37.99665000,-1.13240240
37.99665200,-1.13239110
37.99665500,-1.13237980
37.99665800,-1.13236850
37.99666100,-1.13235730
37.99666400,-1.13234600
37.99666700,-1.13233470
37.99667000,-1.13232340
37.99667300,-1.13231210
37.99667600,-1.13230090
37.99667900,-1.13228960
37.99668200,-1.13227830
37.99668500,-1.13226700
37.99668800,-1.13225570
37.99669100,-1.13224450
37.99669300,-1.13223320
37.99669600,-1.13222190
37.99669900,-1.13221060
37.99670200,-1.13219930
37.99670500,-1.13218810
37.99670800,-1.13217680
37.99671100,-1.13216550
37.99671400,-1.13215420
37.99671700,-1.13214290
37.99672000,-1.13213170
37.99672300,-1.13212040
37.99672600,-1.13210910
37.99672900,-1.13209780
37.99673200,-1.13208650
37.99673400,-1.13207530
37.99673700,-1.13206400
37.99674000,-1.13205270
37.99674300,-1.13204140
37.99674600,-1.13203010
37.99674900,-1.13201890
37.99674100,-1.13202730
37.99677000,-1.13190020
37.99679800,-1.13177310
37.99682700,-1.13164600
37.99685600,-1.13151890
37.99688500,-1.13139180
37.99691400,-1.13126480
37.99694200,-1.13113770
37.99697100,-1.13101060
37.99700000,-1.13088350
37.99702900,-1.13075640
37.99705800,-1.13062930
37.99708600,-1.13050220
37.99711500,-1.13037510
37.99714400,-1.13024800
37.99717300,-1.13012100
37.99720200,-1.12999390
37.99723100,-1.12986680
37.99725900,-1.12973970
37.99728800,-1.12961260
37.99731700,-1.12948550
37.99734600,-1.12935840
37.99737500,-1.12923130
37.99740300,-1.12910420
37.99743200,-1.12897710
37.99746100,-1.12885010
37.99749000,-1.12872300
37.99751900,-1.12859590
37.99754800,-1.12846880
37.99757600,-1.12834170
37.99760500,-1.12821460
37.99763400,-1.12808750
37.99766300,-1.12796040
37.99769200,-1.12783330
37.99772000,-1.12770630
37.99774900,-1.12757920
37.99777800,-1.12745210
37.99780700,-1.12732500
37.99783600,-1.12719790
37.99786400,-1.12707080
37.99789300,-1.12694370
37.99613000,-1.13428590
37.99617400,-1.13410230
37.99621800,-1.13391870
37.99626200,-1.13373510
37.99630700,-1.13355150
37.99635100,-1.13336790
37.99639500,-1.13318430
37.99643900,-1.13300070
37.99648300,-1.13281710
37.99652700,-1.13263350
37.99657100,-1.13244990
37.99661600,-1.13226630
37.99666000,-1.13208270
37.99670400,-1.13189910
37.99674800,-1.13171540
37.99679200,-1.13153180
37.99683600,-1.13134820
37.99688000,-1.13116460
37.99692400,-1.13098100
37.99696900,-1.13079740
37.99701300,-1.13061380
37.99705700,-1.13043020
37.99710100,-1.13024660
37.99714500,-1.13006300
37.99718900,-1.12987940
37.99723300,-1.12969580
37.99727700,-1.12951220
37.99732200,-1.12932860
37.99736600,-1.12914500
37.99741000,-1.12896140
37.99745400,-1.12877770
37.99749800,-1.12859410
37.99754200,-1.12841050
37.99758600,-1.12822690
37.99763100,-1.12804330
37.99767500,-1.12785970
37.99771900,-1.12767610
37.99776300,-1.12749250
37.99780700,-1.12730890
37.99785100,-1.12712530
37.99789500,-1.12694170
37.99612900,-1.13428660
37.99613700,-1.13424820
37.99614500,-1.13420980
37.99615300,-1.13417140
37.99616100,-1.13413300
37.99616900,-1.13409460
37.99617700,-1.13405620
37.99618500,-1.13401780
37.99619300,-1.13397930
37.99620100,-1.13394090
37.99620900,-1.13390250
37.99621700,-1.13386410
37.99622500,-1.13382570
37.99623300,-1.13378730
37.99624100,-1.13374890
37.99624900,-1.13371050
37.99625700,-1.13367210
37.99626500,-1.13363370
37.99627300,-1.13359530
37.99628100,-1.13355680
37.99628900,-1.13351840
37.99629700,-1.13348000
37.99630500,-1.13344160
37.99631300,-1.13340320
37.99632100,-1.13336480
37.99632900,-1.13332640
37.99633700,-1.13328800
37.99634500,-1.13324960
37.99635300,-1.13321120
37.99636100,-1.13317280
37.99636900,-1.13313430
37.99637700,-1.13309590
37.99638500,-1.13305750
37.99639300,-1.13301910
37.99640100,-1.13298070
37.99640900,-1.13294230
37.99641700,-1.13290390
37.99642500,-1.13286550
37.99643300,-1.13282710
37.99644100,-1.13278870
37.99644900,-1.13275030
37.99644400,-1.13275460
37.99644900,-1.13273350
37.99645500,-1.13271250
37.99646000,-1.13269140
37.99646500,-1.13267040
37.99647000,-1.13264930
37.99647500,-1.13262830
37.99648000,-1.13260720
37.99648500,-1.13258620
37.99649000,-1.13256510
37.99649500,-1.13254410
37.99650000,-1.13252300
37.99650500,-1.13250200
37.99651000,-1.13248090
37.99651500,-1.13245990
37.99652100,-1.13243890
37.99652600,-1.13241780
37.99653100,-1.13239680
37.99653600,-1.13237570
37.99654100,-1.13235470
37.99654600,-1.13233360
37.99655100,-1.13231260
37.99655600,-1.13229150
37.99656100,-1.13227050
37.99656600,-1.13224940
37.99657100,-1.13222840
37.99657600,-1.13220730
37.99658100,-1.13218630
37.99658600,-1.13216520
37.99659200,-1.13214420
37.99659700,-1.13212310
37.99660200,-1.13210210
37.99660700,-1.13208100
37.99661200,-1.13206000
37.99661700,-1.13203890
37.99662200,-1.13201790
37.99662700,-1.13199680
37.99663200,-1.13197580
37.99663700,-1.13195470
37.99664200,-1.13193370
37.99664700,-1.13191260
37.99665100,-1.13190870
37.99667800,-1.13178600
37.99670500,-1.13166340
37.99673200,-1.13154070
37.99676000,-1.13141810
37.99678700,-1.13129540
37.99681400,-1.13117280
37.99684100,-1.13105010
37.99686800,-1.13092740
37.99689500,-1.13080480
37.99692200,-1.13068210
37.99694900,-1.13055950
37.99697600,-1.13043680
37.99700300,-1.13031420
37.99703000,-1.13019150
37.99705700,-1.13006880
37.99708400,-1.12994620
37.99711100,-1.12982350
37.99713800,-1.12970090
37.99716500,-1.12957820
37.99719200,-1.12945560
37.99721900,-1.12933290
37.99724700,-1.12921030
37.99727400,-1.12908760
37.99730100,-1.12896490
37.99732800,-1.12884230
37.99735500,-1.12871960
37.99738200,-1.12859700
37.99740900,-1.12847430
37.99743600,-1.12835170
37.99746300,-1.12822900
37.99749000,-1.12810640
37.99751700,-1.12798370
37.99754400,-1.12786100
37.99757100,-1.12773840
37.99759800,-1.12761570
37.99762500,-1.12749310
37.99765200,-1.12737040
37.99767900,-1.12724780
37.99770600,-1.12712510
37.99773400,-1.12700240
38.00213100,-1.14849160
38.00215000,-1.14846370
38.00216800,-1.14843570
38.00218600,-1.14840780
38.00220500,-1.14837990
38.00222300,-1.14835190
38.00224200,-1.14832400
38.00226000,-1.14829610
38.00227800,-1.14826820
38.00229700,-1.14824020
38.00231500,-1.14821230
38.00233300,-1.14818440
38.00235200,-1.14815640
38.00237000,-1.14812850
38.00238800,-1.14810060
38.00240700,-1.14807260
38.00242500,-1.14804470
38.00244300,-1.14801680
38.00246200,-1.14798890
38.00248000,-1.14796090
38.00249900,-1.14793300
38.00251700,-1.14790510
38.00253500,-1.14787710
38.00255400,-1.14784920
38.00257200,-1.14782130
38.00259000,-1.14779330
38.00260900,-1.14776540
38.00262700,-1.14773750
38.00264500,-1.14770960
38.00266400,-1.14768160
38.00268200,-1.14765370
38.00270000,-1.14762580
38.00271900,-1.14759780
38.00273700,-1.14756990
38.00275500,-1.14754200
38.00277400,-1.14751400
38.00279200,-1.14748610
38.00281100,-1.14745820
38.00282900,-1.14743030
38.00284700,-1.14740230
38.00286600,-1.14737440
38.00286000,-1.14737990
38.00286700,-1.14736520
38.00287400,-1.14735040
38.00288100,-1.14733570
38.00288800,-1.14732090
38.00289500,-1.14730620
38.00290200,-1.14729140
38.00290900,-1.14727670
38.00291600,-1.14726190
38.00292300,-1.14724720
38.00293000,-1.14723240
38.00293700,-1.14721770
38.00294400,-1.14720290
38.00295100,-1.14718820
38.00295800,-1.14717340
38.00296500,-1.14715870
38.00297200,-1.14714390
38.00297900,-1.14712920
38.00298700,-1.14711440
38.00299400,-1.14709970
38.00300100,-1.14708490
38.00300800,-1.14707020
38.00301500,-1.14705540
38.00302200,-1.14704070
38.00302900,-1.14702590
38.00303600,-1.14701120
38.00304300,-1.14699640
38.00305000,-1.14698170
38.00305700,-1.14696690
38.00306400,-1.14695220
38.00307100,-1.14693740
38.00307800,-1.14692270
38.00308500,-1.14690790
38.00309200,-1.14689320
38.00309900,-1.14687840
38.00310600,-1.14686370
38.00311300,-1.14684890
38.00312000,-1.14683420
38.00312700,-1.14681940
38.00313400,-1.14680470
38.00314100,-1.14678990
38.00314700,-1.14678430
38.00315800,-1.14677780
38.00316800,-1.14677120
38.00317900,-1.14676470
38.00319000,-1.14675810
38.00320100,-1.14675160
38.00321200,-1.14674500
38.00322300,-1.14673850
38.00323400,-1.14673190
38.00324500,-1.14672540
38.00325600,-1.14671890
38.00326700,-1.14671230
38.00327700,-1.14670580
38.00328800,-1.14669920
38.00329900,-1.14669270
38.00331000,-1.14668610
38.00332100,-1.14667960
38.00333200,-1.14667300
38.00334300,-1.14666650
38.00335400,-1.14665990
38.00336500,-1.14665340
38.00337600,-1.14664680
38.00338600,-1.14664030
38.00339700,-1.14663370
38.00340800,-1.14662720
38.00341900,-1.14662060
38.00343000,-1.14661410
38.00344100,-1.14660750
38.00345200,-1.14660100
38.00346300,-1.14659440
38.00347400,-1.14658790
38.00348500,-1.14658130
38.00349500,-1.14657480
38.00350600,-1.14656820
38.00351700,-1.14656170
38.00352800,-1.14655510
38.00353900,-1.14654860
38.00355000,-1.14654200
38.00356100,-1.14653550
38.00357200,-1.14652890
38.00358300,-1.14652240
38.00359000,-1.14651540
38.00360500,-1.14650040
38.00362000,-1.14648550
38.00363500,-1.14647050
38.00365000,-1.14645550
38.00366500,-1.14644050
38.00368100,-1.14642560
38.00369600,-1.14641060
38.00371100,-1.14639560
38.00372600,-1.14638070
38.00374100,-1.14636570
38.00375600,-1.14635070
38.00377200,-1.14633570
38.00378700,-1.14632080
38.00380200,-1.14630580
38.00381700,-1.14629080
38.00383200,-1.14627580
38.00384800,-1.14626090
38.00386300,-1.14624590
38.00387800,-1.14623090
38.00389300,-1.14621590
38.00390800,-1.14620100
38.00392300,-1.14618600
38.00393900,-1.14617100
38.00395400,-1.14615600
38.00396900,-1.14614110
38.00398400,-1.14612610
38.00399900,-1.14611110
38.00401400,-1.14609610
38.00403000,-1.14608120
38.00404500,-1.14606620
38.00406000,-1.14605120
38.00407500,-1.14603620
38.00409000,-1.14602130
38.00410500,-1.14600630
38.00412100,-1.14599130
38.00413600,-1.14597640
38.00415100,-1.14596140
38.00416600,-1.14594640
38.00418100,-1.14593140
38.00419700,-1.14591650
38.00419100,-1.14592200
38.00419300,-1.14592220
38.00419600,-1.14592240
38.00419800,-1.14592270
38.00420000,-1.14592290
38.00420300,-1.14592310
38.00420500,-1.14592340
38.00420700,-1.14592360
38.00421000,-1.14592380
38.00421200,-1.14592410
38.00421400,-1.14592430
38.00421700,-1.14592450
38.00421900,-1.14592480
38.00422100,-1.14592500
38.00422400,-1.14592520
38.00422600,-1.14592550
38.00422800,-1.14592570
38.00423100,-1.14592590
38.00423300,-1.14592620
38.00423600,-1.14592640
38.00423800,-1.14592660
38.00424000,-1.14592690
38.00424300,-1.14592710
38.00424500,-1.14592740
38.00424700,-1.14592760
38.00425000,-1.14592780
38.00425200,-1.14592810
38.00425400,-1.14592830
38.00425700,-1.14592850
38.00425900,-1.14592880
38.00426100,-1.14592900
38.00426400,-1.14592920
38.00426600,-1.14592950
38.00426800,-1.14592970
38.00427100,-1.14592990
38.00427300,-1.14593020
38.00427500,-1.14593040
38.00427800,-1.14593060
38.00428000,-1.14593090
38.00428200,-1.14593110
38.00428500,-1.14593130
38.00427700,-1.14593900
38.00428900,-1.14592660
38.00430100,-1.14591430
38.00431300,-1.14590190
38.00432500,-1.14588950
38.00433700,-1.14587710
38.00434900,-1.14586470
38.00436100,-1.14585230
38.00437300,-1.14583990
38.00438500,-1.14582760
38.00439700,-1.14581520
38.00440900,-1.14580280
38.00442100,-1.14579040
38.00443300,-1.14577800
38.00444500,-1.14576560
38.00445700,-1.14575330
38.00446900,-1.14574090
38.00448100,-1.14572850
38.00449300,-1.14571610
38.00450500,-1.14570370
38.00451700,-1.14569130
38.00452900,-1.14567890
38.00454100,-1.14566660
38.00455300,-1.14565420
38.00456500,-1.14564180
38.00457700,-1.14562940
38.00458900,-1.14561700
38.00460100,-1.14560460
38.00461300,-1.14559230
38.00462500,-1.14557990
38.00463700,-1.14556750
38.00464900,-1.14555510
38.00466000,-1.14554270
38.00467200,-1.14553030
38.00468400,-1.14551790
38.00469600,-1.14550560
38.00470800,-1.14549320
38.00472000,-1.14548080
38.00473200,-1.14546840
38.00474400,-1.14545600
38.00475600,-1.14544360
38.00475100,-1.14544890
38.00476200,-1.14544290
38.00477300,-1.14543690
38.00478400,-1.14543090
38.00479500,-1.14542490
38.00480700,-1.14541890
38.00481800,-1.14541290
38.00482900,-1.14540690
38.00484000,-1.14540100
38.00485100,-1.14539500
38.00486200,-1.14538900
38.00487300,-1.14538300
38.00488400,-1.14537700
38.00489500,-1.14537100
38.00490600,-1.14536500
38.00491700,-1.14535900
38.00492900,-1.14535300
38.00494000,-1.14534700
38.00495100,-1.14534110
38.00496200,-1.14533510
38.00497300,-1.14532910
38.00498400,-1.14532310
38.00499500,-1.14531710
38.00500600,-1.14531110
38.00501700,-1.14530510
38.00502800,-1.14529910
38.00503900,-1.14529310
38.00505100,-1.14528710
38.00506200,-1.14528120
38.00507300,-1.14527520
38.00508400,-1.14526920
38.00509500,-1.14526320
38.00510600,-1.14525720
38.00511700,-1.14525120
38.00512800,-1.14524520
38.00513900,-1.14523920
38.00515000,-1.14523320
38.00516100,-1.14522720
38.00517300,-1.14522130
38.00518400,-1.14521530
38.00519500,-1.14520930
38.00519300,-1.14521070
38.00521400,-1.14520770
38.00523500,-1.14520470
38.00525600,-1.14520170
38.00527700,-1.14519870
38.00529800,-1.14519580
38.00531900,-1.14519280
38.00534000,-1.14518980
38.00536100,-1.14518680
38.00538200,-1.14518380
38.00540300,-1.14518080
38.00542400,-1.14517780
38.00544500,-1.14517480
38.00546600,-1.14517180
38.00548700,-1.14516890
38.00550800,-1.14516590
38.00552900,-1.14516290
38.00555000,-1.14515990
38.00557100,-1.14515690
38.00559200,-1.14515390
38.00561300,-1.14515090
38.00563400,-1.14514790
38.00565500,-1.14514490
38.00567600,-1.14514200
38.00569700,-1.14513900
38.00571800,-1.14513600
38.00573900,-1.14513300
38.00576000,-1.14513000
38.00578100,-1.14512700
38.00580200,-1.14512400
38.00582300,-1.14512100
38.00584400,-1.14511800
38.00586500,-1.14511510
38.00588600,-1.14511210
38.00590700,-1.14510910
38.00592800,-1.14510610
38.00594900,-1.14510310
38.00597000,-1.14510010
38.00599100,-1.14509710
38.00601200,-1.14509410
38.00603300,-1.14509110
37.98914400,-1.11657080
37.98915500,-1.11658200
37.98916500,-1.11659330
37.98917600,-1.11660460
37.98918600,-1.11661590
37.98919700,-1.11662720
37.98920700,-1.11663850
37.98921800,-1.11664970
37.98922900,-1.11666100
37.98923900,-1.11667230
37.98925000,-1.11668360
37.98926000,-1.11669490
37.98927100,-1.11670620
37.98928100,-1.11671740
37.98929200,-1.11672870
37.98930200,-1.11674000
37.98931300,-1.11675130
37.98932300,-1.11676260
37.98933400,-1.11677390
37.98934500,-1.11678510
37.98935500,-1.11679640
37.98936600,-1.11680770
37.98937600,-1.11681900
37.98938700,-1.11683030
37.98939700,-1.11684160
37.98940800,-1.11685280
37.98941800,-1.11686410
37.98942900,-1.11687540
37.98943900,-1.11688670
37.98945000,-1.11689800
37.98946000,-1.11690930
37.98947100,-1.11692050
37.98948200,-1.11693180
37.98949200,-1.11694310
37.98950300,-1.11695440
37.98951300,-1.11696570
37.98952400,-1.11697700
37.98953400,-1.11698820
37.98954500,-1.11699950
37.98955500,-1.11701080
37.98956600,-1.11702210
37.98855600,-1.11614810
37.98857100,-1.11615870
37.98858500,-1.11616930
37.98860000,-1.11617990
37.98861500,-1.11619060
37.98862900,-1.11620120
37.98864400,-1.11621180
37.98865800,-1.11622250
37.98867300,-1.11623310
37.98868800,-1.11624370
37.98870200,-1.11625430
37.98871700,-1.11626500
37.98873200,-1.11627560
37.98874600,-1.11628620
37.98876100,-1.11629690
37.98877600,-1.11630750
37.98879000,-1.11631810
37.98880500,-1.11632870
37.98882000,-1.11633940
37.98883400,-1.11635000
37.98884900,-1.11636060
37.98886400,-1.11637130
37.98887800,-1.11638190
37.98889300,-1.11639250
37.98890700,-1.11640310
37.98892200,-1.11641380
37.98893700,-1.11642440
37.98895100,-1.11643500
37.98896600,-1.11644570
37.98898100,-1.11645630
37.98899500,-1.11646690
37.98901000,-1.11647750
37.98902500,-1.11648820
37.98903900,-1.11649880
37.98905400,-1.11650940
37.98906900,-1.11652010
37.98908300,-1.11653070
37.98909800,-1.11654130
37.98911300,-1.11655190
37.98912700,-1.11656260
37.98914200,-1.11657320
37.98799900,-1.11587030
37.98801300,-1.11587710
37.98802700,-1.11588390
37.98804100,-1.11589070
37.98805500,-1.11589750
37.98806900,-1.11590430
37.98808300,-1.11591110
37.98809700,-1.11591790
37.98811100,-1.11592470
37.98812500,-1.11593150
37.98814000,-1.11593820
37.98815400,-1.11594500
37.98816800,-1.11595180
37.98818200,-1.11595860
37.98819600,-1.11596540
37.98821000,-1.11597220
37.98822400,-1.11597900
37.98823800,-1.11598580
37.98825200,-1.11599260
37.98826600,-1.11599940
37.98828000,-1.11600620
37.98829400,-1.11601300
37.98830800,-1.11601980
37.98832300,-1.11602660
37.98833700,-1.11603340
37.98835100,-1.11604010
37.98836500,-1.11604690
37.98837900,-1.11605370
37.98839300,-1.11606050
37.98840700,-1.11606730
37.98842100,-1.11607410
37.98843500,-1.11608090
37.98844900,-1.11608770
37.98846300,-1.11609450
37.98847700,-1.11610130
37.98849200,-1.11610810
37.98850600,-1.11611490
37.98852000,-1.11612170
37.98853400,-1.11612850
37.98854800,-1.11613530
37.98856200,-1.11614200
37.98749700,-1.11573310
37.98750900,-1.11573660
37.98752200,-1.11574000
37.98753400,-1.11574350
37.98754700,-1.11574690
37.98756000,-1.11575030
37.98757200,-1.11575380
37.98758500,-1.11575720
37.98759700,-1.11576070
37.98761000,-1.11576410
37.98762200,-1.11576760
37.98763500,-1.11577100
37.98764700,-1.11577450
37.98766000,-1.11577790
37.98767200,-1.11578140
37.98768500,-1.11578480
37.98769700,-1.11578820
37.98771000,-1.11579170
37.98772200,-1.11579510
37.98773500,-1.11579860
37.98774700,-1.11580200
37.98776000,-1.11580550
37.98777300,-1.11580890
37.98778500,-1.11581240
37.98779800,-1.11581580
37.98781000,-1.11581920
37.98782300,-1.11582270
37.98783500,-1.11582610
37.98784800,-1.11582960
37.98786000,-1.11583300
37.98787300,-1.11583650
37.98788500,-1.11583990
37.98789800,-1.11584340
37.98791000,-1.11584680
37.98792300,-1.11585020
37.98793500,-1.11585370
37.98794800,-1.11585710
37.98796000,-1.11586060
37.98797300,-1.11586400
37.98798600,-1.11586750
37.98799800,-1.11587090
37.98668500,-1.11563980
37.98670600,-1.11564210
37.98672600,-1.11564440
37.98674600,-1.11564660
37.98676700,-1.11564890
37.98678700,-1.11565120
37.98680700,-1.11565340
37.98682800,-1.11565570
37.98684800,-1.11565800
37.98686800,-1.11566030
37.98688900,-1.11566250
37.98690900,-1.11566480
37.98692900,-1.11566710
37.98695000,-1.11566930
37.98697000,-1.11567160
37.98699000,-1.11567390
37.98701100,-1.11567620
37.98703100,-1.11567840
37.98705200,-1.11568070
37.98707200,-1.11568300
37.98709200,-1.11568520
37.98711300,-1.11568750
37.98713300,-1.11568980
37.98715300,-1.11569210
37.98717400,-1.11569430
37.98719400,-1.11569660
37.98721400,-1.11569890
37.98723500,-1.11570110
37.98725500,-1.11570340
37.98727500,-1.11570570
37.98729600,-1.11570800
37.98731600,-1.11571020
37.98733600,-1.11571250
37.98735700,-1.11571480
37.98737700,-1.11571700
37.98739800,-1.11571930
37.98741800,-1.11572160
37.98743800,-1.11572390
37.98745900,-1.11572610
37.98747900,-1.11572840
37.98749900,-1.11573070
37.98540300,-1.11518780
37.98543500,-1.11519920
37.98546700,-1.11521070
37.98549900,-1.11522220
37.98553100,-1.11523360
37.98556300,-1.11524510
37.98559500,-1.11525660
37.98562600,-1.11526810
37.98565800,-1.11527950
37.98569000,-1.11529100
37.98572200,-1.11530250
37.98575400,-1.11531400
37.98578600,-1.11532540
37.98581800,-1.11533690
37.98585000,-1.11534840
37.98588100,-1.11535980
37.98591300,-1.11537130
37.98594500,-1.11538280
37.98597700,-1.11539430
37.98600900,-1.11540570
37.98604100,-1.11541720
37.98607300,-1.11542870
37.98610500,-1.11544010
37.98613600,-1.11545160
37.98616800,-1.11546310
37.98620000,-1.11547460
37.98623200,-1.11548600
37.98626400,-1.11549750
37.98629600,-1.11550900
37.98632800,-1.11552050
37.98636000,-1.11553190
37.98639100,-1.11554340
37.98642300,-1.11555490
37.98645500,-1.11556630
37.98648700,-1.11557780
37.98651900,-1.11558930
37.98655100,-1.11560080
37.98658300,-1.11561220
37.98661500,-1.11562370
37.98664600,-1.11563520
37.98667800,-1.11564660
37.98504300,-1.11508310
37.98505200,-1.11508580
37.98506100,-1.11508850
37.98507000,-1.11509130
37.98507900,-1.11509400
37.98508700,-1.11509670
37.98509600,-1.11509940
37.98510500,-1.11510220
37.98511400,-1.11510490
37.98512300,-1.11510760
37.98513200,-1.11511030
37.98514100,-1.11511310
37.98515000,-1.11511580
37.98515900,-1.11511850
37.98516800,-1.11512120
37.98517600,-1.11512400
37.98518500,-1.11512670
37.98519400,-1.11512940
37.98520300,-1.11513210
37.98521200,-1.11513490
37.98522100,-1.11513760
37.98523000,-1.11514030
37.98523900,-1.11514300
37.98524800,-1.11514580
37.98525700,-1.11514850
37.98526500,-1.11515120
37.98527400,-1.11515390
37.98528300,-1.11515670
37.98529200,-1.11515940
37.98530100,-1.11516210
37.98531000,-1.11516480
37.98531900,-1.11516760
37.98532800,-1.11517030
37.98533700,-1.11517300
37.98534600,-1.11517570
37.98535400,-1.11517840
37.98536300,-1.11518120
37.98537200,-1.11518390
37.98538100,-1.11518660
37.98539000,-1.11518930
37.98539900,-1.11519210
37.98440000,-1.11486590
37.98441600,-1.11487130
37.98443200,-1.11487670
37.98444800,-1.11488210
37.98446400,-1.11488760
37.98448100,-1.11489300
37.98449700,-1.11489840
37.98451300,-1.11490390
37.98452900,-1.11490930
37.98454500,-1.11491470
37.98456100,-1.11492010
37.98457700,-1.11492560
37.98459300,-1.11493100
37.98460900,-1.11493640
37.98462500,-1.11494180
37.98464100,-1.11494730
37.98465700,-1.11495270
37.98467300,-1.11495810
37.98468900,-1.11496360
37.98470600,-1.11496900
37.98472200,-1.11497440
37.98473800,-1.11497980
37.98475400,-1.11498530
37.98477000,-1.11499070
37.98478600,-1.11499610
37.98480200,-1.11500160
37.98481800,-1.11500700
37.98483400,-1.11501240
37.98485000,-1.11501780
37.98486600,-1.11502330
37.98488200,-1.11502870
37.98489800,-1.11503410
37.98491400,-1.11503960
37.98493100,-1.11504500
37.98494700,-1.11505040
37.98496300,-1.11505580
37.98497900,-1.11506130
37.98499500,-1.11506670
37.98501100,-1.11507210
37.98502700,-1.11507760
37.98504300,-1.11508300
37.98369400,-1.11461280
37.98371200,-1.11461910
37.98372900,-1.11462550
37.98374700,-1.11463190
37.98376500,-1.11463830
37.98378200,-1.11464470
37.98380000,-1.11465110
37.98381700,-1.11465750
37.98383500,-1.11466390
37.98385200,-1.11467030
37.98387000,-1.11467670
37.98388800,-1.11468310
37.98390500,-1.11468940
37.98392300,-1.11469580
37.98394000,-1.11470220
37.98395800,-1.11470860
37.98397600,-1.11471500
37.98399300,-1.11472140
37.98401100,-1.11472780
37.98402800,-1.11473420
37.98404600,-1.11474060
37.98406400,-1.11474700
37.98408100,-1.11475340
37.98409900,-1.11475980
37.98411600,-1.11476610
37.98413400,-1.11477250
37.98415100,-1.11477890
37.98416900,-1.11478530
37.98418700,-1.11479170
37.98420400,-1.11479810
37.98422200,-1.11480450
37.98423900,-1.11481090
37.98425700,-1.11481730
37.98427500,-1.11482370
37.98429200,-1.11483010
37.98431000,-1.11483640
37.98432700,-1.11484280
37.98434500,-1.11484920
37.98436200,-1.11485560
37.98438000,-1.11486200
37.98439800,-1.11486840
