0,781.00,32,0.6484 
0,779.25,32,0.6476 
0,784.50,32,0.6683 
0,780.00,33,0.6119 
0,781.75,33,0.6143 
0,776.00,33,0.5979 
2,868.25,33,0.5577 
0,863.00,33,0.3251 
2,1188.75,33,1.4343 
7,1360.50,33,1.1342 
16,1690.00,34,1.2263 
19,1074.50,34,0.4748 
13,915.25,34,0.4080 
11,920.75,34,0.4132 
16,878.25,35,1.3160 
17,957.50,35,0.0000 
17,975.25,35,0.3399 
20,1141.25,35,0.5489 
22,1244.75,36,0.3214 
25,1411.50,36,0.2912 
22,1234.50,36,0.0856 
19,912.75,36,0.2594 
1,915.00,37,0.3908 
0,777.25,37,0.3977 
0,778.75,37,0.4093 
0,786.25,37,0.4358 
8,1370.75,37,1.9087 
17,963.50,37,1.0548 
25,1391.75,38,0.6825 
30,1015.25,38,1.2306 
31,1071.00,38,0.0000 
32,1086.00,38,0.0000 
30,895.75,39,0.3692 
26,923.00,39,1.4444 
34,1140.25,39,1.5096 
35,1187.00,39,0.0000 
30,904.00,39,0.3385 
20,1250.25,40,0.8315 
22,1259.25,40,1.9984 
25,1390.50,40,1.7575 
29,1609.00,40,1.4517 
30,1686.25,41,1.6677 
30,1017.50,41,3.3596 
33,1145.25,41,0.3714 
33,1124.75,42,0.5490 
35,1193.25,42,1.0374 
34,1169.25,42,0.5504 
35,1202.50,43,1.9688 
37,1277.00,43,1.1448 
37,1276.25,43,0.0607 
39,1326.50,44,0.4931 
37,1263.75,44,0.4297 
35,1201.00,45,0.6333 
37,1269.50,45,0.6277 
37,1261.50,45,0.5946 
37,1257.25,45,0.4916 
36,1221.50,46,0.5074 
35,1195.50,46,1.1280 
40,1368.00,46,1.0669 
42,1451.50,46,0.0651 
43,1458.00,46,0.2217 
42,1428.50,47,0.2219 
39,1344.00,47,0.0000 
37,1249.75,47,0.0401 
34,1179.75,47,0.0000 
24,1348.25,47,0.0000 
27,1543.50,48,1.9459 
34,1479.50,48,0.1100 
40,1369.25,48,2.4247 
47,1595.75,48,1.0997 
50,1603.50,48,0.8992 
54,1258.00,48,1.0715 
56,1327.00,49,0.0000 
56,1329.75,49,0.5141 
57,1337.25,49,0.1600 
56,1333.00,50,0.0000 
57,1338.25,50,0.0000 
57,1351.75,50,0.0000 
58,1359.25,50,0.0000 
56,895.25,50,0.2704 
49,1687.00,50,0.0000 
41,1389.00,50,0.0000 
36,1232.75,51,0.4335 
34,1168.50,51,1.1500 
40,1355.50,51,1.7868 
45,1558.50,51,0.9073 
52,1213.75,51,1.6982 
56,1336.50,51,0.1378 
60,1426.00,51,0.5619 
62,1478.25,51,0.0000 
62,1464.50,51,0.3866 
58,1374.75,51,2.1037 
58,1362.75,51,2.2763 
59,1398.50,51,2.2557 
60,1413.50,51,1.6364 
58,1371.25,52,0.0114 
57,1347.75,52,1.9282 
59,1401.75,52,1.8759 
59,1392.25,52,0.5881 
62,1468.50,52,1.5692 
64,1501.75,53,0.0129 
63,1490.75,53,0.4042 
62,1457.75,53,0.0862 
61,1444.25,53,0.3878 
60,1429.25,53,0.0000 
59,1386.75,54,0.0000 
58,1358.00,54,0.0000 
57,1352.75,54,0.1906 
56,1334.25,54,0.0000 
54,1286.25,54,0.0000 
44,1526.75,54,0.0000 
39,1341.00,54,0.0000 
37,1284.50,54,0.0000 
36,1243.50,54,0.4746 
38,1291.75,54,1.0221 
37,1269.75,54,0.4278 
35,1185.00,54,1.1413 
39,1352.75,54,2.8602 
46,1570.25,54,2.4233 
50,1699.25,55,1.7537 
48,1668.75,55,0.0000 
47,1604.25,55,1.1152 
47,1610.25,55,1.6022 
43,1469.50,55,0.0000 
37,1286.00,55,0.0000 
32,1108.75,55,0.0000 
33,1130.50,55,2.8761 
39,1337.50,56,2.1052 
41,1417.25,56,1.3055 
44,1520.25,56,1.0558 
45,1542.25,56,0.7187 
44,1501.00,56,0.0000 
35,898.00,56,0.2957 
29,1635.00,56,1.7467 
34,1147.00,57,0.0000 
39,1338.25,57,2.1930 
43,1466.00,57,1.3547 
41,1417.00,57,0.0000 
38,1293.75,57,0.0000 
30,1713.00,57,0.0000 
31,1722.00,57,0.5287 
32,1812.75,57,1.4026 
34,1920.50,57,1.6090 
33,1117.50,57,0.5530 
32,1105.75,58,0.0000 
26,998.25,58,0.3394 
28,1572.50,58,2.4214 
32,957.25,58,0.0000 
39,1340.25,58,2.7019 
43,1475.75,58,1.0882 
43,1491.00,58,0.5855 
44,1529.75,58,0.9109 
45,1542.75,58,0.6496 
44,1520.50,58,0.9761 
39,1346.50,59,0.0000 
35,1203.00,59,0.0000 
25,979.25,59,0.0000 
7,913.25,59,0.2548 
11,1257.50,59,2.4476 
17,1890.00,59,2.4307 
22,1244.25,59,3.7246 
26,1455.00,59,0.0000 
20,1113.00,59,0.0000 
26,1470.00,60,1.8449 
31,1771.50,60,1.0540 
34,1182.75,60,2.8722 
40,1381.00,60,2.1169 
42,1439.50,60,1.1762 
40,1386.25,60,0.0000 
38,1276.25,61,0.3090 
33,1148.75,61,0.0000 
23,1274.00,61,0.0000 
11,912.50,61,0.2630 
13,985.00,61,2.4422 
20,1130.25,61,2.7932 
21,1156.75,62,0.4133 
23,1306.50,62,1.0397 
23,1281.00,62,0.2788 
20,1116.25,62,0.0000 
12,918.25,62,0.2464 
8,917.75,62,0.2567 
7,873.25,62,0.5256 
5,920.25,62,0.2342 
1,920.50,62,0.2394 
0,780.25,62,0.3740 
0,780.00,63,0.3714 
0,781.25,63,0.3701 
0,780.75,63,0.3946 
0,779.50,63,0.3782 
0,781.25,61,0.4218 
0,779.00,61,0.4611 
0,781.50,61,0.4323 
0,783.00,61,0.4344 
0,755.25,62,0.4017 
1,991.25,62,0.5360 
1,904.00,62,0.5055 
2,917.00,62,0.5302 
1,940.50,62,0.4845 
2,934.50,62,0.6188 
1,929.25,62,0.2237 
6,999.75,62,1.8484 
12,1319.75,62,0.3120 
8,910.50,62,0.2359 
14,1510.50,62,0.8348 
18,1016.50,62,2.8770 
24,1360.50,62,1.2238 
25,1403.75,63,0.0315 
20,1128.00,63,0.1533 
16,899.25,63,0.1115 
7,921.25,63,0.2461 
14,1555.00,63,1.6090 
21,1158.75,63,3.9847 
28,1564.00,63,0.8167 
30,1701.25,63,0.8456 
32,1116.25,64,2.3185 
35,1194.25,64,0.1228 
36,1224.50,64,0.4223 
32,1103.50,64,0.0000 
18,911.00,64,0.2559 
7,918.50,65,0.2297 
5,1296.00,65,1.5414 
18,1913.75,65,2.6516 
23,1315.75,65,0.3949 
16,906.25,65,0.2649 
3,920.50,65,0.2491 
0,915.75,65,0.5219 
5,916.50,65,0.1906 
7,1637.00,66,1.8617 
17,1663.00,66,0.2599 
27,1527.00,66,3.3820 
33,1439.25,66,1.5918 
41,1394.50,66,2.9350 
43,1457.50,66,0.3763 
43,1467.25,66,0.7098 
43,1475.25,67,0.7598 
43,1485.00,67,0.7573 
44,1511.00,67,0.9797 
44,1509.25,67,0.7002 
43,1491.00,68,0.2643 
39,1346.00,68,0.0000 
34,1185.50,68,0.0000 
16,1456.50,68,4.5976 
25,1385.25,68,2.6266 
26,1464.25,68,0.7065 
30,1696.75,68,1.7782 
32,1094.50,68,1.3099 
35,1188.25,69,2.1852 
30,1022.25,69,0.0799 
23,925.50,69,0.2315 
16,874.75,69,0.7314 
23,1301.75,69,4.6703 
34,1905.00,69,3.6460 
39,1983.00,69,0.3055 
42,1451.75,69,2.9084 
47,1598.00,70,2.3650 
49,1687.00,70,1.9697 
51,1741.50,70,1.9687 
53,1249.50,70,3.0543 
56,1317.50,71,2.9428 
57,1354.25,71,2.7565 
59,1395.25,71,2.5516 
60,1395.25,71,1.7691 
58,1368.25,72,1.3068 
56,1319.75,72,0.0000 
55,1291.75,72,1.9300 
53,1244.00,72,1.2080 
49,1160.00,73,0.0000 
42,1441.00,73,0.0000 
31,1736.50,73,0.0000 
18,918.00,73,0.2195 
8,919.50,73,0.2159 
4,1366.50,73,1.4870 
16,1767.00,73,1.8737 
18,1929.75,73,0.7240 
21,2302.50,73,5.3246 
29,1606.75,73,3.4759 
33,1812.00,73,1.8305 
36,1222.25,73,4.0229 
34,1173.50,73,1.8376 
35,1219.50,73,1.6376 
39,1335.00,73,4.6537 
46,1568.75,74,2.9492 
49,1695.75,74,2.5419 
50,1165.75,74,2.9875 
52,1224.00,74,4.6287 
54,1288.00,74,4.8576 
58,1362.25,75,4.1768 
61,1433.50,75,3.4994 
63,1482.00,76,2.6698 
63,1441.50,76,0.9555 
62,1455.25,77,1.9566 
62,1470.75,77,2.7985 
61,1447.25,77,2.7239 
62,1465.00,77,3.1056 
59,1391.25,78,0.6641 
58,1385.00,78,0.4959 
58,1372.50,78,1.3843 
59,1389.50,78,0.0000 
57,1346.00,78,0.8671 
55,1305.75,78,0.0000 
54,1284.75,78,0.2953 
58,1363.50,78,1.7035 
57,1353.75,78,2.8695 
56,1323.25,78,3.7553 
55,1292.00,78,3.9467 
52,1229.75,78,2.4929 
44,1040.75,78,0.0561 
33,1132.75,78,0.0000 
22,1228.50,78,0.0000 
27,1496.00,78,3.6511 
33,1311.25,78,0.0000 
39,1345.75,78,4.9774 
49,1694.75,78,5.9017 
57,1948.25,78,5.0239 
61,1426.25,78,5.8795 
66,1565.25,78,6.5826 
72,1694.50,78,5.4480 
76,1792.25,79,5.2796 
79,1854.00,79,4.7129 
78,1410.75,79,5.6847 
81,1465.00,79,6.1233 
84,1524.75,80,6.1871 
88,1593.25,80,5.5425 
90,1631.75,80,3.3048 
90,1619.75,80,2.5021 
91,1646.50,81,5.3077 
93,1676.50,81,3.9845 
94,1701.25,81,4.9306 
96,1728.50,81,4.7532 
97,1758.75,81,4.7991 
98,1781.00,82,4.6084 
99,1796.50,82,4.4811 
100,1805.50,82,4.5204 
100,1815.75,82,4.5975 
101,1834.00,82,4.1003 
103,1857.75,82,4.3242 
104,1886.25,82,4.3996 
105,1894.75,82,4.6389 
105,1893.25,82,5.0778 
105,1905.75,82,5.8286 
106,1920.25,82,5.9358 
107,1930.75,82,5.8985 
107,1944.50,82,6.1700 
108,1965.50,82,5.9125 
109,1970.50,82,6.1249 
109,1982.75,82,5.7531 
109,1977.75,82,5.9318 
109,1973.25,82,5.9735 
108,1962.75,82,5.8079 
108,1948.50,82,5.7845 
108,1950.50,82,6.3451 
108,1957.25,82,6.3752 
108,1958.25,82,6.2531 
108,1962.25,82,6.3501 
108,1966.25,82,6.1086 
108,1956.00,82,5.9967 
108,1962.75,82,5.3294 
109,1962.50,82,5.6782 
109,1962.25,83,5.0896 
108,1959.75,82,4.9943 
109,1969.75,83,5.1170 
109,1965.75,83,4.8827 
109,1965.50,83,3.9020 
109,1964.50,83,4.0338 
109,1967.75,83,4.2340 
109,1963.00,83,3.9759 
108,1961.25,83,4.1051 
108,1962.50,84,4.1347 
108,1963.50,84,4.0853 
109,1964.75,84,3.8310 
108,1960.50,84,4.7610 
108,1958.75,83,4.6172 
108,1960.00,83,4.9835 
108,1955.50,82,5.0777 
109,1959.00,82,5.9257 
108,1964.00,82,5.3604 
108,1964.50,81,5.9192 
109,1962.50,81,4.9938 
109,1962.25,81,4.8358 
108,1963.75,81,4.8494 
108,1962.25,81,5.1595 
108,1960.50,81,4.8780 
108,1959.25,81,5.6543 
109,1963.00,81,4.8500 
109,1968.00,81,4.2704 
109,1970.00,81,3.2771 
109,1964.75,81,3.0242 
108,1960.75,81,3.1856 
108,1958.50,81,3.1466 
108,1963.50,81,3.6075 
109,1962.50,81,3.3089 
109,1964.50,80,3.7967 
108,1964.25,80,4.4045 
108,1963.00,80,5.1939 
108,1964.25,80,5.5447 
108,1962.25,80,5.2199 
109,1967.00,80,4.3886 
109,1966.25,80,3.7142 
109,1970.25,80,3.8759 
109,1965.25,80,4.0778 
108,1965.25,80,4.2026 
108,1962.00,80,4.2340 
108,1959.75,80,4.5948 
108,1959.75,80,4.4297 
108,1964.75,80,4.5536 
108,1959.25,80,4.6189 
108,1957.00,80,5.2996 
108,1955.00,80,5.8623 
108,1958.50,80,6.9380 
108,1961.75,80,7.6604 
108,1965.25,80,6.5642 
109,1963.75,80,5.6255 
109,1966.75,80,5.2415 
109,1969.25,81,4.6013 
109,1969.75,81,3.5738 
109,1970.25,81,2.5705 
109,1970.00,81,1.8997 
109,1964.25,81,1.9673 
108,1961.25,81,2.0451 
108,1958.75,81,2.7968 
108,1958.50,81,3.1659 
108,1963.25,81,3.6095 
108,1968.00,81,3.4157 
109,1970.50,80,3.8787 
109,1965.75,80,3.7214 
108,1960.00,80,3.9093 
108,1959.75,80,4.2224 
108,1961.25,80,4.1382 
108,1959.25,80,3.4672 
108,1954.00,80,4.3464 
108,1961.75,80,4.1807 
109,1967.00,80,4.0640 
109,1964.25,80,3.8055 
109,1965.50,80,3.5858 
109,1960.25,80,3.8375 
108,1962.00,80,3.9872 
109,1964.00,80,3.8616 
109,1962.00,80,4.0378 
108,1963.75,80,4.5392 
108,1956.50,80,4.7606 
108,1951.00,80,5.8117 
108,1960.25,80,5.3484 
109,1966.50,80,4.6856 
109,1967.50,80,3.5522 
109,1965.25,80,2.8991 
109,1966.25,80,3.3534 
109,1965.75,80,3.8933 
108,1963.50,80,4.7885 
108,1961.75,80,4.2496 
108,1962.00,80,4.7167 
108,1959.25,80,4.4881 
108,1959.25,80,4.2991 
108,1960.00,80,4.9551 
108,1955.25,80,5.3127 
108,1954.00,80,5.5850 
108,1955.00,80,6.8489 
108,1962.00,80,5.7776 
108,1965.00,80,5.2053 
109,1965.50,80,4.9839 
109,1968.75,80,4.2438 
109,1966.50,81,4.1849 
109,1963.00,81,4.2899 
109,1967.75,81,4.0605 
109,1966.75,81,4.3017 
109,1962.00,81,3.8849 
108,1960.25,81,3.8995 
108,1963.50,81,3.6708 
107,1939.75,81,0.0336 
103,1871.25,81,3.2797 
104,1876.00,81,3.5185 
107,1939.25,81,7.5918 
109,1983.00,81,6.5226 
110,1996.50,81,6.1137 
111,2004.75,81,5.8650 
111,2011.25,81,5.1453 
111,2014.00,81,5.3532 
111,2018.00,81,5.6663 
111,2015.25,81,5.2432 
112,2021.00,81,5.4907 
111,2015.25,81,5.3878 
111,2014.75,81,5.7900 
111,2016.50,81,5.7961 
111,2019.75,81,4.7912 
111,2018.25,81,4.4334 
112,2020.50,81,4.7066 
111,2009.75,81,6.7951 
111,2009.00,81,11.8451 
112,2021.50,81,7.9199 
111,2020.00,81,5.7174 
112,2017.00,81,4.2077 
111,2011.25,81,6.0973 
108,1955.75,81,0.0000 
102,1853.25,81,0.0000 
96,1738.75,81,0.0000 
88,1594.00,82,0.0000 
80,1443.50,82,0.0000 
73,1327.75,82,0.0000 
69,1245.00,82,0.0000 
67,1219.75,82,1.9907 
69,1247.50,82,2.2208 
72,1304.50,82,1.8604 
76,1359.50,83,1.6738 
79,1421.50,83,0.1814 
81,1457.50,83,0.2364 
81,1466.25,83,0.5639 
79,1435.25,83,0.2273 
78,1415.25,83,1.1466 
76,1379.50,83,0.0000 
77,1384.00,82,1.5648 
80,1451.75,82,2.1071 
83,1503.50,82,1.9085 
84,1512.75,82,1.8249 
85,1529.75,81,2.4179 
86,1552.25,81,3.0890 
88,1586.00,81,3.2161 
90,1624.50,81,3.7937 
92,1671.25,81,4.2785 
95,1717.25,81,3.0793 
97,1742.25,81,3.5793 
98,1774.50,80,3.6953 
100,1801.75,80,3.5165 
101,1824.50,80,3.6978 
100,1818.00,80,0.0000 
100,1813.25,80,4.1216 
102,1838.25,80,1.3788 
101,1821.00,80,1.3563 
101,1831.00,80,4.1085 
100,1811.25,80,2.5147 
101,1839.75,80,5.6347 
104,1874.50,80,6.1946 
106,1916.25,80,6.9772 
108,1961.75,80,5.2961 
110,1988.75,80,5.6847 
111,2006.25,80,5.4090 
111,2017.00,80,5.3368 
108,1957.25,80,0.0000 
107,1938.25,80,4.6517 
107,1943.50,80,3.9387 
108,1946.75,80,4.9267 
108,1950.75,80,4.1283 
108,1949.75,80,4.2899 
108,1951.25,80,4.1093 
108,1950.75,80,4.4487 
108,1956.00,80,4.0403 
108,1958.50,80,3.8199 
108,1954.50,80,3.6084 
108,1951.75,80,3.7737 
108,1952.25,80,3.1799 
108,1954.00,80,3.9407 
108,1955.50,80,4.0026 
108,1950.50,80,4.5309 
108,1950.00,79,5.1967 
108,1950.75,79,4.9711 
108,1961.25,79,4.4032 
108,1962.75,79,3.7599 
108,1964.00,79,3.3991 
108,1959.75,79,3.8622 
108,1955.50,80,4.1793 
108,1953.00,79,4.4040 
108,1953.75,80,3.9335 
108,1951.25,79,4.2925 
108,1952.25,79,5.0396 
108,1953.50,79,5.3346 
108,1961.00,79,4.8162 
108,1959.25,79,3.7439 
108,1959.75,80,3.9112 
108,1949.75,80,4.4017 
108,1953.75,80,4.0375 
108,1950.25,80,4.2446 
108,1950.25,80,4.4656 
108,1955.50,80,4.1724 
108,1956.00,80,3.7906 
108,1950.50,80,4.5461 
108,1950.50,80,5.1255 
108,1955.50,80,4.5924 
108,1951.75,80,5.2214 
108,1955.25,80,4.4257 
108,1958.00,80,4.3285 
108,1962.25,80,3.4363 
108,1960.00,80,4.2062 
109,1961.00,80,4.4904 
109,1972.50,80,4.2731 
109,1978.25,80,4.4109 
109,1975.50,80,4.6015 
109,1982.25,80,5.0732 
109,1974.50,80,5.4304 
109,1982.00,80,5.3785 
109,1978.50,80,5.2659 
110,1982.75,80,4.7350 
110,1992.25,80,4.1052 
109,1985.75,80,4.0388 
110,1980.00,80,3.9986 
109,1984.00,80,4.2306 
109,1978.25,80,5.1299 
109,1975.75,80,5.0673 
109,1977.00,80,5.6650 
109,1981.75,80,5.5372 
109,1977.25,80,6.1199 
109,1983.25,80,5.7323 
109,1979.50,80,5.7402 
110,1980.00,80,5.7153 
109,1981.50,81,6.0858 
110,1980.75,81,5.5432 
110,1980.25,81,4.8537 
110,1986.75,81,4.1317 
110,1985.00,81,3.7392 
109,1977.25,81,4.5058 
109,1973.75,81,5.3241 
109,1976.25,81,5.5648 
109,1976.50,81,5.5222 
109,1980.75,81,5.6395 
109,1975.75,81,6.1441 
110,1981.50,81,6.2531 
110,1983.50,81,5.9843 
110,1983.25,81,5.1598 
109,1979.25,81,4.5136 
110,1990.00,81,3.7131 
110,1988.00,82,2.7898 
109,1974.25,82,3.6534 
109,1981.00,82,5.1879 
109,1977.00,82,5.3398 
110,1981.75,81,4.5099 
110,1986.25,81,3.6869 
110,1985.50,81,3.7995 
109,1980.50,81,3.9095 
110,1983.50,81,4.4066 
107,1935.25,81,0.0000 
97,1762.00,81,0.0000 
92,1661.50,81,0.0000 
89,1604.50,81,0.9929 
89,1601.25,81,2.0460 
91,1644.75,81,8.0158 
89,1618.00,81,0.0000 
91,1646.75,81,6.9189 
95,1717.25,82,8.9961 
99,1783.75,82,7.9691 
102,1850.00,82,9.7661 
106,1910.25,82,10.2667 
107,1941.50,83,5.6201 
109,1966.75,83,6.0612 
110,1987.00,83,5.3704 
110,2000.50,83,5.3993 
112,2023.50,83,7.2972 
109,1977.00,82,2.9645 
108,1964.00,82,6.6096 
109,1971.25,82,5.2201 
109,1977.50,82,4.9110 
109,1974.75,82,4.5058 
109,1977.50,82,4.3749 
109,1977.25,82,4.1231 
109,1974.50,82,4.8216 
109,1975.25,82,5.5087 
109,1978.00,81,5.5803 
109,1974.75,81,5.7881 
109,1979.25,81,5.7190 
110,1984.75,81,5.3603 
109,1982.25,81,4.7516 
109,1985.75,81,4.6608 
110,1979.50,81,4.8633 
109,1982.25,81,4.8231 
109,1971.00,81,5.5856 
109,1982.50,81,5.2925 
109,1977.50,81,4.9195 
109,1980.00,81,4.9541 
110,1986.75,81,4.3986 
109,1978.75,81,4.7317 
109,1978.00,81,4.6189 
109,1970.50,81,6.0663 
109,1978.50,81,5.3439 
109,1974.25,81,5.6851 
109,1977.75,81,6.4196 
109,1977.50,81,5.7073 
109,1976.50,81,6.6860 
109,1979.50,81,5.2506 
109,1979.50,81,5.5529 
109,1977.50,81,5.5554 
109,1976.75,81,5.3496 
109,1979.50,81,5.6300 
109,1978.50,81,5.4555 
109,1964.00,81,4.7722 
103,1867.00,81,0.0000 
98,1768.25,81,0.0000 
92,1664.00,81,0.0000 
86,1555.00,81,0.0000 
79,1291.50,81,0.0000 
70,1049.50,81,0.0000 
61,1461.25,81,0.0000 
42,1169.50,81,0.0000 
19,909.00,82,0.2086 
17,1805.50,82,2.7828 
25,1370.00,82,3.1828 
34,1933.50,82,3.6107 
40,1383.50,82,4.5443 
51,1738.00,82,3.6801 
57,1939.00,82,4.3102 
61,1445.75,81,7.2526 
67,1585.50,81,3.8188 
71,1683.00,81,3.6762 
74,1760.75,81,2.9723 
77,1828.00,82,3.4337 
80,1877.25,82,2.9492 
79,1501.25,82,3.5351 
80,1445.00,82,0.3895 
77,1402.25,82,0.8450 
78,1415.75,82,3.3978 
80,1448.50,82,2.5452 
81,1461.75,83,1.6518 
82,1485.25,83,3.0664 
82,1486.00,83,0.1106 
82,1488.00,83,2.1834 
82,1494.50,83,0.0000 
81,1470.75,83,1.2185 
80,1453.00,84,0.6517 
78,1417.00,84,0.0000 
76,1370.25,84,0.8027 
75,1352.00,84,1.1681 
73,1318.25,84,0.0000 
71,1284.75,84,0.0000 
68,1234.25,84,0.0000 
65,1185.50,84,0.0000 
63,1135.25,84,0.0000 
59,1400.75,84,0.0000 
47,1521.25,84,0.0000 
33,1221.75,84,0.0000 
25,1404.25,84,0.0000 
25,1353.50,84,1.1601 
22,1217.75,84,0.3546 
20,1103.50,83,0.8707 
19,1110.00,83,0.0942 
26,1427.00,83,3.4560 
30,1717.50,82,1.5756 
34,1164.25,82,2.8810 
39,1322.00,82,2.4792 
44,1494.50,82,2.2963 
48,1641.75,81,2.3771 
50,1736.00,81,0.0000 
49,1690.50,82,1.1156 
50,1698.25,82,1.8550 
55,1882.00,81,3.6188 
57,1351.00,81,2.1879 
62,1457.25,81,3.5212 
61,1445.00,81,0.5789 
61,1438.75,80,0.5753 
59,1403.25,81,0.0000 
57,1347.75,81,0.9333 
58,1370.25,81,1.7201 
60,1416.50,82,1.7226 
61,1428.25,82,0.9934 
61,1434.50,82,2.1141 
62,1445.00,82,2.0149 
60,1419.25,83,1.9625 
59,1394.25,83,1.0405 
62,1457.00,83,2.7839 
61,1440.25,83,1.0729 
60,1419.75,83,1.1174 
60,1428.50,83,1.4214 
63,1478.75,83,1.6520 
62,1476.75,83,0.7906 
63,1480.25,83,1.2799 
61,1437.75,83,0.0000 
63,1488.25,83,2.2140 
65,1534.25,82,0.0500 
65,1542.50,82,8.5633 
77,1829.25,82,16.4541 
86,2029.50,82,6.5709 
85,1546.50,82,4.4682 
85,1545.00,82,2.0895 
84,1519.50,82,0.1519 
82,1479.00,82,1.0679 
79,1424.00,82,0.0000 
76,1354.75,82,0.0000 
74,1332.50,82,0.0000 
71,1291.50,83,1.2313 
69,1243.75,83,1.1187 
67,1213.25,83,0.0000 
66,1197.00,83,0.3990 
63,1147.50,83,0.0000 
60,971.00,84,0.3777 
53,927.75,84,0.3103 
48,1635.00,84,0.0000 
32,1805.00,84,0.0000 
27,1505.25,84,1.3873 
33,1236.50,83,0.0000 
38,1280.25,83,1.7767 
40,1382.00,82,1.5589 
44,1491.00,82,1.2653 
46,1569.25,82,1.0504 
46,1603.75,82,0.8819 
48,1667.75,82,1.0381 
48,1649.75,82,0.5017 
47,1614.25,81,0.8120 
46,1561.75,81,0.0248 
42,1438.00,81,0.0000 
35,1223.50,81,0.7018 
40,1369.50,80,1.9870 
40,1368.75,80,0.0000 
36,1243.25,80,0.0000 
33,1119.25,80,0.0000 
31,1071.50,81,0.0000 
29,910.00,81,0.2491 
16,875.00,81,0.0376 
2,919.75,81,0.2189 
0,766.00,81,0.3397 
0,779.00,82,0.3479 
4,867.50,82,0.2005 
4,913.50,82,0.1906 
0,764.75,82,0.2313 
5,889.50,82,0.1776 
3,923.00,82,0.2094 
0,764.50,82,0.2468 
0,1031.50,82,0.8594 
16,1762.50,82,3.2987 
26,1447.00,82,3.9744 
32,1782.00,82,2.0375 
38,1297.75,82,3.9410 
41,1416.00,82,1.6484 
40,1379.25,82,0.0000 
38,1286.25,82,0.0000 
34,1154.50,83,0.0000 
22,1122.50,83,0.0000 
24,1314.00,83,5.2039 
32,1435.75,83,0.0000 
38,1295.75,83,2.3090 
39,1326.50,83,1.3979 
41,1397.75,84,1.4372 
40,1381.25,84,1.0114 
37,1273.50,84,0.0000 
33,1129.50,83,0.0000 
31,1050.00,83,0.0621 
29,991.25,83,0.0141 
21,1214.75,83,0.0000 
17,932.00,83,1.9951 
17,974.50,83,0.1288 
15,920.00,83,0.1979 
12,912.50,83,0.2316 
5,923.50,83,0.2117 
1,923.25,83,0.2146 
0,840.75,84,0.6509 
0,782.50,84,0.3217 
0,782.50,84,0.3092 
0,781.00,84,0.3286 
0,781.00,84,0.3080 
0,779.50,84,0.3081 
