1.4768579e+09 -1.0482830e+00
1.4768579e+09 -1.0482830e+00
1.4768579e+09 -1.0482830e+00
1.4768579e+09 -1.0482830e+00
1.4768579e+09 -1.0482830e+00
1.4768579e+09 -1.0482830e+00
1.4768579e+09 -1.0482830e+00
1.4768579e+09 -1.0482830e+00
1.4768579e+09 -1.0482830e+00
1.4768579e+09 -1.0482830e+00
1.4768579e+09 -1.0482830e+00
1.4768579e+09 -1.0482830e+00
1.4768579e+09 -1.0482830e+00
1.4768579e+09 -1.0482830e+00
1.4768579e+09 -1.0482830e+00
1.4768579e+09 -1.0482830e+00
1.4768579e+09 -1.0482830e+00
1.4768580e+09 -1.0482830e+00
1.4768580e+09 -1.0482830e+00
1.4768580e+09 -1.0482830e+00
1.4768580e+09 -1.0482830e+00
1.4768580e+09 -1.0482830e+00
1.4768580e+09 -1.0482830e+00
1.4768580e+09 -1.0482830e+00
1.4768580e+09 -1.0482850e+00
1.4768580e+09 -1.0482850e+00
1.4768580e+09 -1.0482870e+00
1.4768580e+09 -1.0483020e+00
1.4768580e+09 -1.0483020e+00
1.4768580e+09 -1.0483530e+00
1.4768580e+09 -1.0483830e+00
1.4768580e+09 -1.0483830e+00
1.4768580e+09 -1.0484650e+00
1.4768580e+09 -1.0485030e+00
1.4768580e+09 -1.0485030e+00
1.4768580e+09 -1.0485800e+00
1.4768580e+09 -1.0485800e+00
1.4768580e+09 -1.0485980e+00
1.4768580e+09 -1.0485750e+00
1.4768580e+09 -1.0485750e+00
1.4768580e+09 -1.0485750e+00
1.4768580e+09 -1.0484470e+00
1.4768580e+09 -1.0484470e+00
1.4768580e+09 -1.0484000e+00
1.4768580e+09 -1.0482850e+00
1.4768580e+09 -1.0482850e+00
1.4768580e+09 -1.0481620e+00
1.4768580e+09 -1.0481000e+00
1.4768580e+09 -1.0481000e+00
1.4768580e+09 -1.0479900e+00
1.4768580e+09 -1.0479320e+00
1.4768580e+09 -1.0479320e+00
1.4768580e+09 -1.0478080e+00
1.4768580e+09 -1.0477370e+00
1.4768580e+09 -1.0477370e+00
1.4768580e+09 -1.0475850e+00
1.4768580e+09 -1.0475070e+00
1.4768580e+09 -1.0475070e+00
1.4768580e+09 -1.0473380e+00
1.4768580e+09 -1.0473380e+00
1.4768580e+09 -1.0472700e+00
1.4768580e+09 -1.0471000e+00
1.4768580e+09 -1.0471000e+00
1.4768580e+09 -1.0471000e+00
1.4768580e+09 -1.0470030e+00
1.4768580e+09 -1.0470030e+00
1.4768580e+09 -1.0469950e+00
1.4768580e+09 -1.0469970e+00
1.4768580e+09 -1.0469970e+00
1.4768580e+09 -1.0469980e+00
1.4768580e+09 -1.0469980e+00
1.4768580e+09 -1.0469980e+00
1.4768580e+09 -1.0469980e+00
1.4768580e+09 -1.0469980e+00
1.4768580e+09 -1.0469980e+00
1.4768580e+09 -1.0469980e+00
1.4768580e+09 -1.0470000e+00
1.4768580e+09 -1.0470000e+00
1.4768580e+09 -1.0469770e+00
1.4768580e+09 -1.0469770e+00
1.4768580e+09 -1.0469430e+00
1.4768580e+09 -1.0468600e+00
1.4768580e+09 -1.0468600e+00
1.4768580e+09 -1.0468050e+00
1.4768580e+09 -1.0465980e+00
1.4768580e+09 -1.0465980e+00
1.4768580e+09 -1.0465980e+00
1.4768580e+09 -1.0463480e+00
1.4768580e+09 -1.0463480e+00
1.4768580e+09 -1.0462600e+00
1.4768580e+09 -1.0460770e+00
1.4768580e+09 -1.0460770e+00
1.4768580e+09 -1.0458930e+00
1.4768580e+09 -1.0457920e+00
1.4768580e+09 -1.0457920e+00
1.4768580e+09 -1.0455930e+00
1.4768580e+09 -1.0455150e+00
1.4768580e+09 -1.0455150e+00
1.4768580e+09 -1.0454100e+00
1.4768580e+09 -1.0453770e+00
1.4768580e+09 -1.0453770e+00
1.4768580e+09 -1.0452980e+00
1.4768580e+09 -1.0452980e+00
1.4768580e+09 -1.0452570e+00
1.4768580e+09 -1.0451830e+00
1.4768580e+09 -1.0451830e+00
1.4768580e+09 -1.0451500e+00
1.4768580e+09 -1.0450600e+00
1.4768580e+09 -1.0450600e+00
1.4768580e+09 -1.0450600e+00
1.4768580e+09 -1.0449300e+00
1.4768580e+09 -1.0449300e+00
1.4768580e+09 -1.0448670e+00
1.4768581e+09 -1.0447300e+00
1.4768581e+09 -1.0447300e+00
1.4768581e+09 -1.0445850e+00
1.4768581e+09 -1.0445050e+00
1.4768581e+09 -1.0445050e+00
1.4768581e+09 -1.0443420e+00
1.4768581e+09 -1.0442600e+00
1.4768581e+09 -1.0442600e+00
1.4768581e+09 -1.0440720e+00
1.4768581e+09 -1.0439750e+00
1.4768581e+09 -1.0439750e+00
1.4768581e+09 -1.0437870e+00
1.4768581e+09 -1.0436870e+00
1.4768581e+09 -1.0436870e+00
1.4768581e+09 -1.0434880e+00
1.4768581e+09 -1.0434880e+00
1.4768581e+09 -1.0433830e+00
1.4768581e+09 -1.0431730e+00
1.4768581e+09 -1.0431730e+00
1.4768581e+09 -1.0430680e+00
1.4768581e+09 -1.0427600e+00
1.4768581e+09 -1.0427600e+00
1.4768581e+09 -1.0427600e+00
1.4768581e+09 -1.0424570e+00
1.4768581e+09 -1.0424570e+00
1.4768581e+09 -1.0423550e+00
1.4768581e+09 -1.0421450e+00
1.4768581e+09 -1.0421450e+00
1.4768581e+09 -1.0419320e+00
1.4768581e+09 -1.0418200e+00
1.4768581e+09 -1.0418200e+00
1.4768581e+09 -1.0415830e+00
1.4768581e+09 -1.0414620e+00
1.4768581e+09 -1.0414620e+00
1.4768581e+09 -1.0412270e+00
1.4768581e+09 -1.0411070e+00
1.4768581e+09 -1.0411070e+00
1.4768581e+09 -1.0408670e+00
1.4768581e+09 -1.0407470e+00
1.4768581e+09 -1.0407470e+00
1.4768581e+09 -1.0405230e+00
1.4768581e+09 -1.0405230e+00
1.4768581e+09 -1.0404180e+00
1.4768581e+09 -1.0402100e+00
1.4768581e+09 -1.0402100e+00
1.4768581e+09 -1.0401050e+00
1.4768581e+09 -1.0397980e+00
1.4768581e+09 -1.0397980e+00
1.4768581e+09 -1.0396920e+00
1.4768581e+09 -1.0394730e+00
1.4768581e+09 -1.0394730e+00
1.4768581e+09 -1.0392450e+00
1.4768581e+09 -1.0391320e+00
1.4768581e+09 -1.0391320e+00
1.4768581e+09 -1.0389080e+00
1.4768581e+09 -1.0387980e+00
1.4768581e+09 -1.0387980e+00
1.4768581e+09 -1.0385870e+00
1.4768581e+09 -1.0384770e+00
1.4768581e+09 -1.0384770e+00
1.4768581e+09 -1.0382380e+00
1.4768581e+09 -1.0381100e+00
1.4768581e+09 -1.0381100e+00
1.4768581e+09 -1.0378500e+00
1.4768581e+09 -1.0378500e+00
1.4768581e+09 -1.0377150e+00
1.4768581e+09 -1.0374450e+00
1.4768581e+09 -1.0374450e+00
1.4768581e+09 -1.0373130e+00
1.4768581e+09 -1.0369250e+00
1.4768581e+09 -1.0369250e+00
1.4768581e+09 -1.0367980e+00
1.4768581e+09 -1.0365550e+00
1.4768581e+09 -1.0365550e+00
1.4768581e+09 -1.0364370e+00
1.4768581e+09 -1.0362120e+00
1.4768581e+09 -1.0362120e+00
1.4768581e+09 -1.0359920e+00
1.4768581e+09 -1.0358850e+00
1.4768581e+09 -1.0358850e+00
1.4768581e+09 -1.0356800e+00
1.4768581e+09 -1.0355970e+00
1.4768581e+09 -1.0355970e+00
1.4768581e+09 -1.0354550e+00
1.4768581e+09 -1.0353800e+00
1.4768581e+09 -1.0353800e+00
1.4768581e+09 -1.0352120e+00
1.4768581e+09 -1.0352120e+00
1.4768581e+09 -1.0351180e+00
1.4768581e+09 -1.0349200e+00
1.4768581e+09 -1.0349200e+00
1.4768581e+09 -1.0348120e+00
1.4768581e+09 -1.0344430e+00
1.4768581e+09 -1.0344430e+00
1.4768581e+09 -1.0344430e+00
1.4768581e+09 -1.0340320e+00
1.4768582e+09 -1.0340320e+00
1.4768582e+09 -1.0337430e+00
1.4768582e+09 -1.0335930e+00
1.4768582e+09 -1.0335930e+00
1.4768582e+09 -1.0332830e+00
1.4768582e+09 -1.0331230e+00
1.4768582e+09 -1.0331230e+00
1.4768582e+09 -1.0327970e+00
1.4768582e+09 -1.0326350e+00
1.4768582e+09 -1.0326350e+00
1.4768582e+09 -1.0323120e+00
1.4768582e+09 -1.0321450e+00
1.4768582e+09 -1.0321450e+00
1.4768582e+09 -1.0318000e+00
1.4768582e+09 -1.0316220e+00
1.4768582e+09 -1.0316220e+00
1.4768582e+09 -1.0312720e+00
1.4768582e+09 -1.0312720e+00
1.4768582e+09 -1.0310980e+00
1.4768582e+09 -1.0307480e+00
1.4768582e+09 -1.0307480e+00
1.4768582e+09 -1.0305720e+00
1.4768582e+09 -1.0300450e+00
1.4768582e+09 -1.0300450e+00
1.4768582e+09 -1.0298700e+00
1.4768582e+09 -1.0295150e+00
1.4768582e+09 -1.0295150e+00
1.4768582e+09 -1.0291580e+00
1.4768582e+09 -1.0289850e+00
1.4768582e+09 -1.0289850e+00
1.4768582e+09 -1.0286770e+00
1.4768582e+09 -1.0285380e+00
1.4768582e+09 -1.0285380e+00
1.4768582e+09 -1.0282900e+00
1.4768582e+09 -1.0281670e+00
1.4768582e+09 -1.0281670e+00
1.4768582e+09 -1.0279470e+00
1.4768582e+09 -1.0278370e+00
1.4768582e+09 -1.0278370e+00
1.4768582e+09 -1.0276400e+00
1.4768582e+09 -1.0276400e+00
1.4768582e+09 -1.0275380e+00
1.4768582e+09 -1.0273250e+00
1.4768582e+09 -1.0273250e+00
1.4768582e+09 -1.0272170e+00
1.4768582e+09 -1.0268570e+00
1.4768582e+09 -1.0268570e+00
1.4768582e+09 -1.0268570e+00
1.4768582e+09 -1.0264720e+00
1.4768582e+09 -1.0264720e+00
1.4768582e+09 -1.0263480e+00
1.4768582e+09 -1.0260920e+00
1.4768582e+09 -1.0260920e+00
1.4768582e+09 -1.0258130e+00
1.4768582e+09 -1.0256620e+00
1.4768582e+09 -1.0256620e+00
1.4768582e+09 -1.0253370e+00
1.4768582e+09 -1.0251630e+00
1.4768582e+09 -1.0251630e+00
1.4768582e+09 -1.0248050e+00
1.4768582e+09 -1.0246330e+00
1.4768582e+09 -1.0246330e+00
1.4768582e+09 -1.0243200e+00
1.4768582e+09 -1.0243200e+00
1.4768582e+09 -1.0241900e+00
1.4768582e+09 -1.0239580e+00
1.4768582e+09 -1.0239580e+00
1.4768582e+09 -1.0238450e+00
1.4768582e+09 -1.0235100e+00
1.4768582e+09 -1.0235100e+00
1.4768582e+09 -1.0235100e+00
1.4768582e+09 -1.0231450e+00
1.4768582e+09 -1.0231450e+00
1.4768582e+09 -1.0230100e+00
1.4768582e+09 -1.0227220e+00
1.4768582e+09 -1.0227220e+00
1.4768582e+09 -1.0224130e+00
1.4768582e+09 -1.0222450e+00
1.4768582e+09 -1.0222450e+00
1.4768582e+09 -1.0218830e+00
1.4768582e+09 -1.0216980e+00
1.4768582e+09 -1.0216980e+00
1.4768582e+09 -1.0213230e+00
1.4768582e+09 -1.0211380e+00
1.4768582e+09 -1.0211380e+00
1.4768582e+09 -1.0207700e+00
1.4768582e+09 -1.0207700e+00
1.4768582e+09 -1.0205870e+00
1.4768582e+09 -1.0202220e+00
1.4768582e+09 -1.0202220e+00
1.4768582e+09 -1.0200370e+00
1.4768582e+09 -1.0194750e+00
1.4768582e+09 -1.0194750e+00
1.4768582e+09 -1.0194750e+00
1.4768582e+09 -1.0189230e+00
1.4768582e+09 -1.0189230e+00
1.4768583e+09 -1.0187430e+00
1.4768583e+09 -1.0183880e+00
1.4768583e+09 -1.0183880e+00
1.4768583e+09 -1.0180400e+00
1.4768583e+09 -1.0178680e+00
1.4768583e+09 -1.0178680e+00
1.4768583e+09 -1.0175270e+00
1.4768583e+09 -1.0173620e+00
1.4768583e+09 -1.0173620e+00
1.4768583e+09 -1.0170370e+00
1.4768583e+09 -1.0168770e+00
1.4768583e+09 -1.0168770e+00
1.4768583e+09 -1.0165570e+00
1.4768583e+09 -1.0163980e+00
1.4768583e+09 -1.0163980e+00
1.4768583e+09 -1.0160820e+00
1.4768583e+09 -1.0160820e+00
1.4768583e+09 -1.0159250e+00
1.4768583e+09 -1.0156130e+00
1.4768583e+09 -1.0156130e+00
1.4768583e+09 -1.0154580e+00
1.4768583e+09 -1.0149900e+00
1.4768583e+09 -1.0149900e+00
1.4768583e+09 -1.0148400e+00
1.4768583e+09 -1.0145750e+00
1.4768583e+09 -1.0145750e+00
1.4768583e+09 -1.0144720e+00
1.4768583e+09 -1.0143520e+00
1.4768583e+09 -1.0143520e+00
1.4768583e+09 -1.0142900e+00
1.4768583e+09 -1.0142380e+00
1.4768583e+09 -1.0142380e+00
1.4768583e+09 -1.0140750e+00
1.4768583e+09 -1.0139650e+00
1.4768583e+09 -1.0139650e+00
1.4768583e+09 -1.0137420e+00
1.4768583e+09 -1.0136330e+00
1.4768583e+09 -1.0136330e+00
1.4768583e+09 -1.0134670e+00
1.4768583e+09 -1.0134670e+00
1.4768583e+09 -1.0134170e+00
1.4768583e+09 -1.0133950e+00
1.4768583e+09 -1.0133950e+00
1.4768583e+09 -1.0134070e+00
1.4768583e+09 -1.0133230e+00
1.4768583e+09 -1.0133230e+00
1.4768583e+09 -1.0133230e+00
1.4768583e+09 -1.0130530e+00
1.4768583e+09 -1.0130530e+00
1.4768583e+09 -1.0129500e+00
1.4768583e+09 -1.0127370e+00
1.4768583e+09 -1.0127370e+00
1.4768583e+09 -1.0125220e+00
1.4768583e+09 -1.0124150e+00
1.4768583e+09 -1.0124150e+00
1.4768583e+09 -1.0122070e+00
1.4768583e+09 -1.0121000e+00
1.4768583e+09 -1.0121000e+00
1.4768583e+09 -1.0118830e+00
1.4768583e+09 -1.0117680e+00
1.4768583e+09 -1.0117680e+00
1.4768583e+09 -1.0115220e+00
1.4768583e+09 -1.0113920e+00
1.4768583e+09 -1.0113920e+00
1.4768583e+09 -1.0111420e+00
1.4768583e+09 -1.0111420e+00
1.4768583e+09 -1.0110220e+00
1.4768583e+09 -1.0106850e+00
1.4768583e+09 -1.0106850e+00
1.4768583e+09 -1.0106850e+00
1.4768583e+09 -1.0103920e+00
1.4768583e+09 -1.0103920e+00
1.4768583e+09 -1.0103270e+00
1.4768583e+09 -1.0102220e+00
1.4768583e+09 -1.0102220e+00
1.4768583e+09 -1.0101030e+00
1.4768583e+09 -1.0100420e+00
1.4768583e+09 -1.0100420e+00
1.4768583e+09 -1.0099080e+00
1.4768583e+09 -1.0098420e+00
1.4768583e+09 -1.0098420e+00
1.4768583e+09 -1.0096970e+00
1.4768583e+09 -1.0096230e+00
1.4768583e+09 -1.0096230e+00
1.4768583e+09 -1.0095020e+00
1.4768583e+09 -1.0094580e+00
1.4768583e+09 -1.0094580e+00
1.4768583e+09 -1.0093770e+00
1.4768583e+09 -1.0093770e+00
1.4768583e+09 -1.0093400e+00
1.4768583e+09 -1.0092700e+00
1.4768583e+09 -1.0092700e+00
1.4768583e+09 -1.0092400e+00
1.4768583e+09 -1.0091650e+00
1.4768583e+09 -1.0091650e+00
1.4768583e+09 -1.0091400e+00
1.4768584e+09 -1.0090800e+00
1.4768584e+09 -1.0090800e+00
1.4768584e+09 -1.0089950e+00
1.4768584e+09 -1.0089350e+00
1.4768584e+09 -1.0089350e+00
1.4768584e+09 -1.0087750e+00
1.4768584e+09 -1.0086780e+00
1.4768584e+09 -1.0086780e+00
1.4768584e+09 -1.0084650e+00
1.4768584e+09 -1.0083580e+00
1.4768584e+09 -1.0083580e+00
1.4768584e+09 -1.0081480e+00
1.4768584e+09 -1.0080480e+00
1.4768584e+09 -1.0080480e+00
1.4768584e+09 -1.0078570e+00
1.4768584e+09 -1.0078570e+00
1.4768584e+09 -1.0077800e+00
1.4768584e+09 -1.0076900e+00
1.4768584e+09 -1.0076900e+00
1.4768584e+09 -1.0076530e+00
1.4768584e+09 -1.0075050e+00
1.4768584e+09 -1.0075050e+00
1.4768584e+09 -1.0074380e+00
1.4768584e+09 -1.0072900e+00
1.4768584e+09 -1.0072900e+00
1.4768584e+09 -1.0072100e+00
1.4768584e+09 -1.0070500e+00
1.4768584e+09 -1.0070500e+00
1.4768584e+09 -1.0068870e+00
1.4768584e+09 -1.0068080e+00
1.4768584e+09 -1.0068080e+00
1.4768584e+09 -1.0066650e+00
1.4768584e+09 -1.0066020e+00
1.4768584e+09 -1.0066020e+00
1.4768584e+09 -1.0064930e+00
1.4768584e+09 -1.0064320e+00
1.4768584e+09 -1.0064320e+00
1.4768584e+09 -1.0062700e+00
1.4768584e+09 -1.0062700e+00
1.4768584e+09 -1.0061680e+00
1.4768584e+09 -1.0059580e+00
1.4768584e+09 -1.0059580e+00
1.4768584e+09 -1.0058520e+00
1.4768584e+09 -1.0054870e+00
1.4768584e+09 -1.0054870e+00
1.4768584e+09 -1.0054870e+00
1.4768584e+09 -1.0050980e+00
1.4768584e+09 -1.0050980e+00
1.4768584e+09 -1.0049700e+00
1.4768584e+09 -1.0047100e+00
1.4768584e+09 -1.0047100e+00
1.4768584e+09 -1.0044470e+00
1.4768584e+09 -1.0043120e+00
1.4768584e+09 -1.0043120e+00
1.4768584e+09 -1.0040430e+00
1.4768584e+09 -1.0039120e+00
1.4768584e+09 -1.0039120e+00
1.4768584e+09 -1.0036520e+00
1.4768584e+09 -1.0035250e+00
1.4768584e+09 -1.0035250e+00
1.4768584e+09 -1.0032920e+00
1.4768584e+09 -1.0031850e+00
1.4768584e+09 -1.0031850e+00
1.4768584e+09 -1.0029920e+00
1.4768584e+09 -1.0029920e+00
1.4768584e+09 -1.0028980e+00
1.4768584e+09 -1.0026380e+00
1.4768584e+09 -1.0026380e+00
1.4768584e+09 -1.0026380e+00
1.4768584e+09 -1.0025270e+00
1.4768584e+09 -1.0025270e+00
1.4768584e+09 -1.0025130e+00
1.4768584e+09 -1.0024900e+00
1.4768584e+09 -1.0024900e+00
1.4768584e+09 -1.0024820e+00
1.4768584e+09 -1.0025000e+00
1.4768584e+09 -1.0025000e+00
1.4768584e+09 -1.0025620e+00
1.4768584e+09 -1.0026080e+00
1.4768584e+09 -1.0026080e+00
1.4768584e+09 -1.0027400e+00
1.4768584e+09 -1.0028070e+00
1.4768584e+09 -1.0028070e+00
1.4768584e+09 -1.0029180e+00
1.4768584e+09 -1.0029820e+00
1.4768584e+09 -1.0029820e+00
1.4768584e+09 -1.0031020e+00
1.4768584e+09 -1.0031020e+00
1.4768584e+09 -1.0031670e+00
1.4768584e+09 -1.0033200e+00
1.4768584e+09 -1.0033200e+00
1.4768584e+09 -1.0034070e+00
1.4768584e+09 -1.0036820e+00
1.4768584e+09 -1.0036820e+00
1.4768584e+09 -1.0037780e+00
1.4768584e+09 -1.0039930e+00
1.4768585e+09 -1.0039930e+00
1.4768585e+09 -1.0041100e+00
1.4768585e+09 -1.0043580e+00
1.4768585e+09 -1.0043580e+00
1.4768585e+09 -1.0046150e+00
1.4768585e+09 -1.0047380e+00
1.4768585e+09 -1.0047380e+00
1.4768585e+09 -1.0049820e+00
1.4768585e+09 -1.0050970e+00
1.4768585e+09 -1.0050970e+00
1.4768585e+09 -1.0053170e+00
1.4768585e+09 -1.0054200e+00
1.4768585e+09 -1.0054200e+00
1.4768585e+09 -1.0056230e+00
1.4768585e+09 -1.0056230e+00
1.4768585e+09 -1.0057150e+00
1.4768585e+09 -1.0058670e+00
1.4768585e+09 -1.0058670e+00
1.4768585e+09 -1.0059200e+00
1.4768585e+09 -1.0059550e+00
1.4768585e+09 -1.0059550e+00
1.4768585e+09 -1.0059550e+00
1.4768585e+09 -1.0058580e+00
1.4768585e+09 -1.0058580e+00
1.4768585e+09 -1.0058220e+00
1.4768585e+09 -1.0056680e+00
1.4768585e+09 -1.0056680e+00
1.4768585e+09 -1.0055130e+00
1.4768585e+09 -1.0054430e+00
1.4768585e+09 -1.0054430e+00
1.4768585e+09 -1.0053120e+00
1.4768585e+09 -1.0052380e+00
1.4768585e+09 -1.0052380e+00
1.4768585e+09 -1.0050980e+00
1.4768585e+09 -1.0050300e+00
1.4768585e+09 -1.0050300e+00
1.4768585e+09 -1.0049130e+00
1.4768585e+09 -1.0049130e+00
1.4768585e+09 -1.0048570e+00
1.4768585e+09 -1.0047670e+00
1.4768585e+09 -1.0047670e+00
1.4768585e+09 -1.0047300e+00
1.4768585e+09 -1.0046520e+00
1.4768585e+09 -1.0046520e+00
1.4768585e+09 -1.0046520e+00
1.4768585e+09 -1.0045930e+00
1.4768585e+09 -1.0045930e+00
1.4768585e+09 -1.0045730e+00
1.4768585e+09 -1.0045530e+00
1.4768585e+09 -1.0045530e+00
1.4768585e+09 -1.0045470e+00
1.4768585e+09 -1.0045470e+00
1.4768585e+09 -1.0045470e+00
1.4768585e+09 -1.0045470e+00
1.4768585e+09 -1.0045470e+00
1.4768585e+09 -1.0045470e+00
1.4768585e+09 -1.0045480e+00
1.4768585e+09 -1.0045480e+00
1.4768585e+09 -1.0045480e+00
1.4768585e+09 -1.0045500e+00
1.4768585e+09 -1.0045500e+00
1.4768585e+09 -1.0045500e+00
1.4768585e+09 -1.0045500e+00
1.4768585e+09 -1.0045500e+00
1.4768585e+09 -1.0045500e+00
1.4768585e+09 -1.0045500e+00
1.4768585e+09 -1.0045500e+00
1.4768585e+09 -1.0045500e+00
1.4768588e+09 -1.0045500e+00
1.4768588e+09 -1.0045500e+00
1.4768588e+09 -1.0045500e+00
1.4768588e+09 -1.0045500e+00
1.4768588e+09 -1.0045500e+00
1.4768588e+09 -1.0045500e+00
1.4768588e+09 -1.0045500e+00
1.4768588e+09 -1.0045500e+00
1.4768588e+09 -1.0045500e+00
1.4768588e+09 -1.0045500e+00
1.4768588e+09 -1.0045500e+00
1.4768588e+09 -1.0045500e+00
1.4768588e+09 -1.0045500e+00
1.4768588e+09 -1.0045500e+00
1.4768588e+09 -1.0045500e+00
1.4768588e+09 -1.0045500e+00
1.4768588e+09 -1.0045500e+00
1.4768588e+09 -1.0045500e+00
1.4768588e+09 -1.0045500e+00
1.4768588e+09 -1.0045500e+00
1.4768588e+09 -1.0045500e+00
1.4768588e+09 -1.0045500e+00
1.4768588e+09 -1.0045500e+00
1.4768588e+09 -1.0045570e+00
1.4768588e+09 -1.0045570e+00
1.4768588e+09 -1.0045570e+00
1.4768588e+09 -1.0045570e+00
1.4768588e+09 -1.0045570e+00
1.4768588e+09 -1.0045570e+00
1.4768588e+09 -1.0045570e+00
1.4768588e+09 -1.0045570e+00
1.4768588e+09 -1.0045570e+00
1.4768588e+09 -1.0045720e+00
1.4768588e+09 -1.0045720e+00
1.4768588e+09 -1.0046370e+00
1.4768588e+09 -1.0046800e+00
1.4768588e+09 -1.0046800e+00
1.4768588e+09 -1.0047530e+00
1.4768588e+09 -1.0047870e+00
1.4768588e+09 -1.0047870e+00
1.4768588e+09 -1.0048550e+00
1.4768588e+09 -1.0049020e+00
1.4768588e+09 -1.0049020e+00
1.4768588e+09 -1.0049980e+00
1.4768588e+09 -1.0050530e+00
1.4768588e+09 -1.0050530e+00
1.4768588e+09 -1.0051780e+00
1.4768588e+09 -1.0052520e+00
1.4768588e+09 -1.0052520e+00
1.4768588e+09 -1.0053980e+00
1.4768588e+09 -1.0053980e+00
1.4768588e+09 -1.0054830e+00
1.4768588e+09 -1.0056970e+00
1.4768588e+09 -1.0056970e+00
1.4768588e+09 -1.0056970e+00
1.4768588e+09 -1.0058670e+00
1.4768588e+09 -1.0058670e+00
1.4768588e+09 -1.0059150e+00
1.4768588e+09 -1.0059580e+00
1.4768588e+09 -1.0059580e+00
1.4768588e+09 -1.0059220e+00
1.4768588e+09 -1.0058880e+00
1.4768588e+09 -1.0058880e+00
1.4768588e+09 -1.0057920e+00
1.4768588e+09 -1.0057350e+00
1.4768588e+09 -1.0057350e+00
1.4768588e+09 -1.0056020e+00
1.4768588e+09 -1.0055220e+00
1.4768588e+09 -1.0055220e+00
1.4768588e+09 -1.0053470e+00
1.4768588e+09 -1.0052570e+00
1.4768588e+09 -1.0052570e+00
1.4768588e+09 -1.0050730e+00
1.4768588e+09 -1.0050730e+00
1.4768588e+09 -1.0049850e+00
1.4768588e+09 -1.0046920e+00
1.4768588e+09 -1.0046920e+00
1.4768588e+09 -1.0046920e+00
1.4768588e+09 -1.0043700e+00
1.4768588e+09 -1.0043700e+00
1.4768588e+09 -1.0042650e+00
1.4768588e+09 -1.0040550e+00
1.4768589e+09 -1.0040550e+00
1.4768589e+09 -1.0038570e+00
1.4768589e+09 -1.0037680e+00
1.4768589e+09 -1.0037680e+00
1.4768589e+09 -1.0036300e+00
1.4768589e+09 -1.0035870e+00
1.4768589e+09 -1.0035870e+00
1.4768589e+09 -1.0035280e+00
1.4768589e+09 -1.0035150e+00
1.4768589e+09 -1.0035150e+00
1.4768589e+09 -1.0034920e+00
1.4768589e+09 -1.0034730e+00
1.4768589e+09 -1.0034730e+00
1.4768589e+09 -1.0033980e+00
1.4768589e+09 -1.0033980e+00
1.4768589e+09 -1.0033480e+00
1.4768589e+09 -1.0032350e+00
1.4768589e+09 -1.0032350e+00
1.4768589e+09 -1.0031750e+00
1.4768589e+09 -1.0030400e+00
1.4768589e+09 -1.0030400e+00
1.4768589e+09 -1.0030180e+00
1.4768589e+09 -1.0030020e+00
1.4768589e+09 -1.0030020e+00
1.4768589e+09 -1.0029970e+00
1.4768589e+09 -1.0029950e+00
1.4768589e+09 -1.0029950e+00
1.4768589e+09 -1.0029870e+00
1.4768589e+09 -1.0029800e+00
1.4768589e+09 -1.0029800e+00
1.4768589e+09 -1.0029630e+00
1.4768589e+09 -1.0029570e+00
1.4768589e+09 -1.0029570e+00
1.4768589e+09 -1.0029480e+00
1.4768589e+09 -1.0029700e+00
1.4768589e+09 -1.0029700e+00
1.4768589e+09 -1.0030630e+00
1.4768589e+09 -1.0031330e+00
1.4768589e+09 -1.0031330e+00
1.4768589e+09 -1.0033130e+00
1.4768589e+09 -1.0033130e+00
1.4768589e+09 -1.0034150e+00
1.4768589e+09 -1.0037370e+00
1.4768589e+09 -1.0037370e+00
1.4768589e+09 -1.0037370e+00
1.4768589e+09 -1.0040930e+00
1.4768589e+09 -1.0040930e+00
1.4768589e+09 -1.0042170e+00
1.4768589e+09 -1.0044500e+00
1.4768589e+09 -1.0044500e+00
1.4768589e+09 -1.0046780e+00
1.4768589e+09 -1.0047950e+00
1.4768589e+09 -1.0047950e+00
1.4768589e+09 -1.0050270e+00
1.4768589e+09 -1.0051430e+00
1.4768589e+09 -1.0051430e+00
1.4768589e+09 -1.0053730e+00
1.4768589e+09 -1.0054900e+00
1.4768589e+09 -1.0054900e+00
1.4768589e+09 -1.0057230e+00
1.4768589e+09 -1.0058430e+00
1.4768589e+09 -1.0058430e+00
1.4768589e+09 -1.0060820e+00
1.4768589e+09 -1.0060820e+00
1.4768589e+09 -1.0061980e+00
1.4768589e+09 -1.0064320e+00
1.4768589e+09 -1.0064320e+00
1.4768589e+09 -1.0065480e+00
1.4768589e+09 -1.0068650e+00
1.4768589e+09 -1.0068650e+00
1.4768589e+09 -1.0069580e+00
1.4768589e+09 -1.0071230e+00
1.4768589e+09 -1.0071230e+00
1.4768589e+09 -1.0072200e+00
1.4768589e+09 -1.0072750e+00
1.4768589e+09 -1.0072750e+00
1.4768589e+09 -1.0074170e+00
1.4768589e+09 -1.0074980e+00
1.4768589e+09 -1.0074980e+00
1.4768589e+09 -1.0076320e+00
1.4768589e+09 -1.0076720e+00
1.4768589e+09 -1.0076720e+00
1.4768589e+09 -1.0077420e+00
1.4768589e+09 -1.0078020e+00
1.4768589e+09 -1.0078020e+00
1.4768589e+09 -1.0079670e+00
1.4768589e+09 -1.0079670e+00
1.4768589e+09 -1.0080530e+00
1.4768589e+09 -1.0082320e+00
1.4768589e+09 -1.0082320e+00
1.4768589e+09 -1.0083230e+00
1.4768589e+09 -1.0085830e+00
1.4768589e+09 -1.0085830e+00
1.4768589e+09 -1.0086600e+00
1.4768589e+09 -1.0087900e+00
1.4768589e+09 -1.0087900e+00
1.4768590e+09 -1.0088430e+00
1.4768590e+09 -1.0089300e+00
1.4768590e+09 -1.0089300e+00
1.4768590e+09 -1.0089650e+00
1.4768590e+09 -1.0089720e+00
1.4768590e+09 -1.0089720e+00
1.4768590e+09 -1.0089780e+00
1.4768590e+09 -1.0089830e+00
1.4768590e+09 -1.0089830e+00
1.4768590e+09 -1.0090000e+00
1.4768590e+09 -1.0090180e+00
1.4768590e+09 -1.0090180e+00
1.4768590e+09 -1.0090550e+00
1.4768590e+09 -1.0090820e+00
1.4768590e+09 -1.0090820e+00
1.4768590e+09 -1.0091600e+00
1.4768590e+09 -1.0091600e+00
1.4768590e+09 -1.0092050e+00
1.4768590e+09 -1.0093620e+00
1.4768590e+09 -1.0093620e+00
1.4768590e+09 -1.0093620e+00
1.4768590e+09 -1.0095780e+00
1.4768590e+09 -1.0095780e+00
1.4768590e+09 -1.0096550e+00
1.4768590e+09 -1.0097780e+00
1.4768590e+09 -1.0097780e+00
1.4768590e+09 -1.0098850e+00
1.4768590e+09 -1.0099500e+00
1.4768590e+09 -1.0099500e+00
1.4768590e+09 -1.0101000e+00
1.4768590e+09 -1.0101780e+00
1.4768590e+09 -1.0101780e+00
1.4768590e+09 -1.0103420e+00
1.4768590e+09 -1.0104350e+00
1.4768590e+09 -1.0104350e+00
1.4768590e+09 -1.0106470e+00
1.4768590e+09 -1.0107580e+00
1.4768590e+09 -1.0107580e+00
1.4768590e+09 -1.0109770e+00
1.4768590e+09 -1.0109770e+00
1.4768590e+09 -1.0110830e+00
1.4768590e+09 -1.0114030e+00
1.4768590e+09 -1.0114030e+00
1.4768590e+09 -1.0114030e+00
1.4768590e+09 -1.0117130e+00
1.4768590e+09 -1.0117130e+00
1.4768590e+09 -1.0118120e+00
1.4768590e+09 -1.0119950e+00
1.4768590e+09 -1.0119950e+00
1.4768590e+09 -1.0121470e+00
1.4768590e+09 -1.0122180e+00
1.4768590e+09 -1.0122180e+00
1.4768590e+09 -1.0123700e+00
1.4768590e+09 -1.0124570e+00
1.4768590e+09 -1.0124570e+00
1.4768590e+09 -1.0126470e+00
1.4768590e+09 -1.0127400e+00
1.4768590e+09 -1.0127400e+00
1.4768590e+09 -1.0129120e+00
1.4768590e+09 -1.0129800e+00
1.4768590e+09 -1.0129800e+00
1.4768590e+09 -1.0130870e+00
1.4768590e+09 -1.0130870e+00
1.4768590e+09 -1.0131270e+00
1.4768590e+09 -1.0131870e+00
1.4768590e+09 -1.0131870e+00
1.4768590e+09 -1.0132120e+00
1.4768590e+09 -1.0132270e+00
1.4768590e+09 -1.0132270e+00
1.4768590e+09 -1.0132430e+00
1.4768590e+09 -1.0133100e+00
1.4768590e+09 -1.0133100e+00
1.4768590e+09 -1.0133520e+00
1.4768590e+09 -1.0134330e+00
1.4768590e+09 -1.0134330e+00
1.4768590e+09 -1.0134850e+00
1.4768590e+09 -1.0134850e+00
1.4768590e+09 -1.0134850e+00
1.4768590e+09 -1.0134450e+00
1.4768590e+09 -1.0134200e+00
1.4768590e+09 -1.0134200e+00
1.4768590e+09 -1.0134200e+00
1.4768590e+09 -1.0134530e+00
1.4768590e+09 -1.0134530e+00
1.4768590e+09 -1.0135750e+00
1.4768590e+09 -1.0136670e+00
1.4768590e+09 -1.0136670e+00
1.4768590e+09 -1.0138820e+00
1.4768590e+09 -1.0138820e+00
1.4768590e+09 -1.0140020e+00
1.4768590e+09 -1.0143080e+00
1.4768590e+09 -1.0143080e+00
1.4768590e+09 -1.0143080e+00
1.4768590e+09 -1.0146370e+00
1.4768590e+09 -1.0146370e+00
1.4768590e+09 -1.0147420e+00
1.4768591e+09 -1.0149770e+00
1.4768591e+09 -1.0149770e+00
1.4768591e+09 -1.0152380e+00
1.4768591e+09 -1.0153730e+00
1.4768591e+09 -1.0153730e+00
1.4768591e+09 -1.0156520e+00
1.4768591e+09 -1.0157920e+00
1.4768591e+09 -1.0157920e+00
1.4768591e+09 -1.0160680e+00
1.4768591e+09 -1.0162070e+00
1.4768591e+09 -1.0162070e+00
1.4768591e+09 -1.0164920e+00
1.4768591e+09 -1.0166380e+00
1.4768591e+09 -1.0166380e+00
1.4768591e+09 -1.0169380e+00
1.4768591e+09 -1.0169380e+00
1.4768591e+09 -1.0170920e+00
1.4768591e+09 -1.0175800e+00
1.4768591e+09 -1.0175800e+00
1.4768591e+09 -1.0175800e+00
1.4768591e+09 -1.0181000e+00
1.4768591e+09 -1.0181000e+00
1.4768591e+09 -1.0182820e+00
1.4768591e+09 -1.0186470e+00
1.4768591e+09 -1.0186470e+00
1.4768591e+09 -1.0190130e+00
1.4768591e+09 -1.0191950e+00
1.4768591e+09 -1.0191950e+00
1.4768591e+09 -1.0195580e+00
1.4768591e+09 -1.0197380e+00
1.4768591e+09 -1.0197380e+00
1.4768591e+09 -1.0201000e+00
1.4768591e+09 -1.0202820e+00
1.4768591e+09 -1.0202820e+00
1.4768591e+09 -1.0206480e+00
1.4768591e+09 -1.0208320e+00
1.4768591e+09 -1.0208320e+00
1.4768591e+09 -1.0212080e+00
1.4768591e+09 -1.0212080e+00
1.4768591e+09 -1.0213980e+00
1.4768591e+09 -1.0217720e+00
1.4768591e+09 -1.0217720e+00
1.4768591e+09 -1.0219530e+00
1.4768591e+09 -1.0224880e+00
1.4768591e+09 -1.0224880e+00
1.4768591e+09 -1.0226530e+00
1.4768591e+09 -1.0229420e+00
1.4768591e+09 -1.0229420e+00
1.4768591e+09 -1.0232120e+00
1.4768591e+09 -1.0233400e+00
1.4768591e+09 -1.0233400e+00
1.4768591e+09 -1.0235780e+00
1.4768591e+09 -1.0236950e+00
1.4768591e+09 -1.0236950e+00
1.4768591e+09 -1.0239220e+00
1.4768591e+09 -1.0240320e+00
1.4768591e+09 -1.0240320e+00
1.4768591e+09 -1.0242470e+00
1.4768591e+09 -1.0243630e+00
1.4768591e+09 -1.0243630e+00
1.4768591e+09 -1.0246350e+00
1.4768591e+09 -1.0246350e+00
1.4768591e+09 -1.0247870e+00
1.4768591e+09 -1.0251050e+00
1.4768591e+09 -1.0251050e+00
1.4768591e+09 -1.0252670e+00
1.4768591e+09 -1.0257170e+00
1.4768591e+09 -1.0257170e+00
1.4768591e+09 -1.0258570e+00
1.4768591e+09 -1.0261280e+00
1.4768591e+09 -1.0261280e+00
1.4768591e+09 -1.0263800e+00
1.4768591e+09 -1.0265050e+00
1.4768591e+09 -1.0265050e+00
1.4768591e+09 -1.0267600e+00
1.4768591e+09 -1.0268880e+00
1.4768591e+09 -1.0268880e+00
1.4768591e+09 -1.0271230e+00
1.4768591e+09 -1.0272280e+00
1.4768591e+09 -1.0272280e+00
1.4768591e+09 -1.0274020e+00
1.4768591e+09 -1.0274730e+00
1.4768591e+09 -1.0274730e+00
1.4768591e+09 -1.0275850e+00
1.4768591e+09 -1.0276330e+00
1.4768591e+09 -1.0276330e+00
1.4768591e+09 -1.0276920e+00
1.4768591e+09 -1.0276920e+00
1.4768591e+09 -1.0277120e+00
1.4768591e+09 -1.0279100e+00
1.4768591e+09 -1.0279100e+00
1.4768591e+09 -1.0280070e+00
1.4768591e+09 -1.0281650e+00
1.4768591e+09 -1.0281650e+00
1.4768591e+09 -1.0282250e+00
1.4768591e+09 -1.0283500e+00
1.4768592e+09 -1.0283500e+00
1.4768592e+09 -1.0284830e+00
1.4768592e+09 -1.0285500e+00
1.4768592e+09 -1.0285500e+00
1.4768592e+09 -1.0286630e+00
1.4768592e+09 -1.0287150e+00
1.4768592e+09 -1.0287150e+00
1.4768592e+09 -1.0288020e+00
1.4768592e+09 -1.0288330e+00
1.4768592e+09 -1.0288330e+00
1.4768592e+09 -1.0288770e+00
1.4768592e+09 -1.0288870e+00
1.4768592e+09 -1.0288870e+00
1.4768592e+09 -1.0288820e+00
1.4768592e+09 -1.0288820e+00
1.4768592e+09 -1.0288630e+00
1.4768592e+09 -1.0287950e+00
1.4768592e+09 -1.0287950e+00
1.4768592e+09 -1.0287950e+00
1.4768592e+09 -1.0287700e+00
1.4768592e+09 -1.0287700e+00
1.4768592e+09 -1.0287800e+00
1.4768592e+09 -1.0288280e+00
1.4768592e+09 -1.0288280e+00
1.4768592e+09 -1.0289180e+00
1.4768592e+09 -1.0289770e+00
1.4768592e+09 -1.0289770e+00
1.4768592e+09 -1.0291480e+00
1.4768592e+09 -1.0292450e+00
1.4768592e+09 -1.0292450e+00
1.4768592e+09 -1.0294380e+00
1.4768592e+09 -1.0295350e+00
1.4768592e+09 -1.0295350e+00
1.4768592e+09 -1.0297230e+00
1.4768592e+09 -1.0298170e+00
1.4768592e+09 -1.0298170e+00
1.4768592e+09 -1.0300070e+00
1.4768592e+09 -1.0300070e+00
1.4768592e+09 -1.0301020e+00
1.4768592e+09 -1.0302930e+00
1.4768592e+09 -1.0302930e+00
1.4768592e+09 -1.0303950e+00
1.4768592e+09 -1.0306930e+00
1.4768592e+09 -1.0306930e+00
1.4768592e+09 -1.0307920e+00
1.4768592e+09 -1.0309850e+00
1.4768592e+09 -1.0309850e+00
1.4768592e+09 -1.0311850e+00
1.4768592e+09 -1.0312850e+00
1.4768592e+09 -1.0312850e+00
1.4768592e+09 -1.0314680e+00
1.4768592e+09 -1.0315380e+00
1.4768592e+09 -1.0315380e+00
1.4768592e+09 -1.0316230e+00
1.4768592e+09 -1.0316400e+00
1.4768592e+09 -1.0316400e+00
1.4768592e+09 -1.0316180e+00
1.4768592e+09 -1.0315720e+00
1.4768592e+09 -1.0315720e+00
1.4768592e+09 -1.0314270e+00
1.4768592e+09 -1.0313270e+00
1.4768592e+09 -1.0313270e+00
1.4768592e+09 -1.0310770e+00
1.4768592e+09 -1.0310770e+00
1.4768592e+09 -1.0309350e+00
1.4768592e+09 -1.0303580e+00
1.4768592e+09 -1.0303580e+00
1.4768592e+09 -1.0303580e+00
1.4768592e+09 -1.0296630e+00
1.4768592e+09 -1.0296630e+00
1.4768592e+09 -1.0294180e+00
1.4768592e+09 -1.0289280e+00
1.4768592e+09 -1.0289280e+00
1.4768592e+09 -1.0284750e+00
1.4768592e+09 -1.0282630e+00
1.4768592e+09 -1.0282630e+00
1.4768592e+09 -1.0278720e+00
1.4768592e+09 -1.0276930e+00
1.4768592e+09 -1.0276930e+00
1.4768592e+09 -1.0273800e+00
1.4768592e+09 -1.0272480e+00
1.4768592e+09 -1.0272480e+00
1.4768592e+09 -1.0270220e+00
1.4768592e+09 -1.0269320e+00
1.4768592e+09 -1.0269320e+00
1.4768592e+09 -1.0267980e+00
1.4768592e+09 -1.0267980e+00
1.4768592e+09 -1.0267550e+00
1.4768592e+09 -1.0266900e+00
1.4768592e+09 -1.0266900e+00
1.4768592e+09 -1.0266900e+00
1.4768592e+09 -1.0266520e+00
1.4768592e+09 -1.0266520e+00
1.4768592e+09 -1.0266300e+00
1.4768592e+09 -1.0265650e+00
1.4768592e+09 -1.0265650e+00
1.4768593e+09 -1.0264600e+00
1.4768593e+09 -1.0263920e+00
1.4768593e+09 -1.0263920e+00
1.4768593e+09 -1.0262400e+00
1.4768593e+09 -1.0261520e+00
1.4768593e+09 -1.0261520e+00
1.4768593e+09 -1.0259400e+00
1.4768593e+09 -1.0258230e+00
1.4768593e+09 -1.0258230e+00
1.4768593e+09 -1.0255800e+00
1.4768593e+09 -1.0254570e+00
1.4768593e+09 -1.0254570e+00
1.4768593e+09 -1.0252220e+00
1.4768593e+09 -1.0252220e+00
1.4768593e+09 -1.0251120e+00
1.4768593e+09 -1.0249120e+00
1.4768593e+09 -1.0249120e+00
1.4768593e+09 -1.0248200e+00
1.4768593e+09 -1.0245770e+00
1.4768593e+09 -1.0245770e+00
1.4768593e+09 -1.0245080e+00
1.4768593e+09 -1.0243970e+00
1.4768593e+09 -1.0243970e+00
1.4768593e+09 -1.0243150e+00
1.4768593e+09 -1.0242800e+00
1.4768593e+09 -1.0242800e+00
1.4768593e+09 -1.0242270e+00
1.4768593e+09 -1.0242100e+00
1.4768593e+09 -1.0242100e+00
1.4768593e+09 -1.0242020e+00
1.4768593e+09 -1.0242100e+00
1.4768593e+09 -1.0242100e+00
1.4768593e+09 -1.0242430e+00
1.4768593e+09 -1.0242680e+00
1.4768593e+09 -1.0242680e+00
1.4768593e+09 -1.0243420e+00
1.4768593e+09 -1.0243420e+00
1.4768593e+09 -1.0243830e+00
1.4768593e+09 -1.0244730e+00
1.4768593e+09 -1.0244730e+00
1.4768593e+09 -1.0245200e+00
1.4768593e+09 -1.0246570e+00
1.4768593e+09 -1.0246570e+00
1.4768593e+09 -1.0246970e+00
1.4768593e+09 -1.0247630e+00
1.4768593e+09 -1.0247630e+00
1.4768593e+09 -1.0248000e+00
1.4768593e+09 -1.0248080e+00
1.4768593e+09 -1.0248080e+00
1.4768593e+09 -1.0248080e+00
1.4768593e+09 -1.0247970e+00
1.4768593e+09 -1.0247970e+00
1.4768593e+09 -1.0247480e+00
1.4768593e+09 -1.0247170e+00
1.4768593e+09 -1.0247170e+00
1.4768593e+09 -1.0246450e+00
1.4768593e+09 -1.0245920e+00
1.4768593e+09 -1.0245920e+00
1.4768593e+09 -1.0244800e+00
1.4768593e+09 -1.0244070e+00
1.4768593e+09 -1.0244070e+00
1.4768593e+09 -1.0242300e+00
1.4768593e+09 -1.0242300e+00
1.4768593e+09 -1.0241330e+00
1.4768593e+09 -1.0238170e+00
1.4768593e+09 -1.0238170e+00
1.4768593e+09 -1.0237020e+00
1.4768593e+09 -1.0234500e+00
1.4768593e+09 -1.0234500e+00
1.4768593e+09 -1.0231730e+00
1.4768593e+09 -1.0230280e+00
1.4768593e+09 -1.0230280e+00
1.4768593e+09 -1.0227170e+00
1.4768593e+09 -1.0225550e+00
1.4768593e+09 -1.0225550e+00
1.4768593e+09 -1.0222200e+00
1.4768593e+09 -1.0220480e+00
1.4768593e+09 -1.0220480e+00
1.4768593e+09 -1.0216930e+00
1.4768593e+09 -1.0215130e+00
1.4768593e+09 -1.0215130e+00
1.4768593e+09 -1.0211400e+00
1.4768593e+09 -1.0209520e+00
1.4768593e+09 -1.0209520e+00
1.4768593e+09 -1.0205670e+00
1.4768593e+09 -1.0205670e+00
1.4768593e+09 -1.0203680e+00
1.4768593e+09 -1.0197480e+00
1.4768593e+09 -1.0197480e+00
1.4768593e+09 -1.0197480e+00
1.4768593e+09 -1.0190980e+00
1.4768593e+09 -1.0190980e+00
1.4768593e+09 -1.0188730e+00
1.4768593e+09 -1.0184120e+00
1.4768593e+09 -1.0184120e+00
1.4768593e+09 -1.0179420e+00
1.4768594e+09 -1.0177030e+00
1.4768594e+09 -1.0177030e+00
1.4768594e+09 -1.0172180e+00
1.4768594e+09 -1.0169700e+00
1.4768594e+09 -1.0169700e+00
1.4768594e+09 -1.0164670e+00
1.4768594e+09 -1.0162130e+00
1.4768594e+09 -1.0162130e+00
1.4768594e+09 -1.0156970e+00
1.4768594e+09 -1.0154330e+00
1.4768594e+09 -1.0154330e+00
1.4768594e+09 -1.0148950e+00
1.4768594e+09 -1.0148950e+00
1.4768594e+09 -1.0146180e+00
1.4768594e+09 -1.0137730e+00
1.4768594e+09 -1.0137730e+00
1.4768594e+09 -1.0137730e+00
1.4768594e+09 -1.0129220e+00
1.4768594e+09 -1.0129220e+00
1.4768594e+09 -1.0126350e+00
1.4768594e+09 -1.0120550e+00
1.4768594e+09 -1.0120550e+00
1.4768594e+09 -1.0114620e+00
1.4768594e+09 -1.0111580e+00
1.4768594e+09 -1.0111580e+00
1.4768594e+09 -1.0105500e+00
1.4768594e+09 -1.0102430e+00
1.4768594e+09 -1.0102430e+00
1.4768594e+09 -1.0096230e+00
1.4768594e+09 -1.0093130e+00
1.4768594e+09 -1.0093130e+00
1.4768594e+09 -1.0086880e+00
1.4768594e+09 -1.0083720e+00
1.4768594e+09 -1.0083720e+00
1.4768594e+09 -1.0077350e+00
1.4768594e+09 -1.0077350e+00
1.4768594e+09 -1.0074120e+00
1.4768594e+09 -1.0064500e+00
1.4768594e+09 -1.0064500e+00
1.4768594e+09 -1.0064500e+00
1.4768594e+09 -1.0054750e+00
1.4768594e+09 -1.0054750e+00
1.4768594e+09 -1.0051470e+00
1.4768594e+09 -1.0044900e+00
1.4768594e+09 -1.0044900e+00
1.4768594e+09 -1.0038250e+00
1.4768594e+09 -1.0034920e+00
1.4768594e+09 -1.0034920e+00
1.4768594e+09 -1.0028270e+00
1.4768594e+09 -1.0024920e+00
1.4768594e+09 -1.0024920e+00
1.4768594e+09 -1.0018220e+00
1.4768594e+09 -1.0014850e+00
1.4768594e+09 -1.0014850e+00
1.4768594e+09 -1.0008130e+00
1.4768594e+09 -1.0004770e+00
1.4768594e+09 -1.0004770e+00
1.4768594e+09 -9.9980300e-01
1.4768594e+09 -9.9980300e-01
1.4768594e+09 -9.9946500e-01
1.4768594e+09 -9.9878800e-01
1.4768594e+09 -9.9878800e-01
1.4768594e+09 -9.9845200e-01
1.4768594e+09 -9.9743800e-01
1.4768594e+09 -9.9743800e-01
1.4768594e+09 -9.9710000e-01
1.4768594e+09 -9.9642300e-01
1.4768594e+09 -9.9642300e-01
1.4768594e+09 -9.9608500e-01
1.4768594e+09 -9.9540700e-01
1.4768594e+09 -9.9540700e-01
1.4768594e+09 -9.9472800e-01
1.4768594e+09 -9.9439200e-01
1.4768594e+09 -9.9439200e-01
1.4768594e+09 -9.9372200e-01
1.4768594e+09 -9.9338800e-01
1.4768594e+09 -9.9338800e-01
1.4768594e+09 -9.9272200e-01
1.4768594e+09 -9.9239200e-01
1.4768594e+09 -9.9239200e-01
1.4768594e+09 -9.9173200e-01
1.4768594e+09 -9.9140300e-01
1.4768594e+09 -9.9140300e-01
1.4768594e+09 -9.9075000e-01
1.4768594e+09 -9.9075000e-01
1.4768594e+09 -9.9042500e-01
1.4768594e+09 -9.8945000e-01
1.4768594e+09 -9.8945000e-01
1.4768594e+09 -9.8912800e-01
1.4768594e+09 -9.8849500e-01
1.4768594e+09 -9.8849500e-01
1.4768594e+09 -9.8818200e-01
1.4768594e+09 -9.8755800e-01
1.4768594e+09 -9.8755800e-01
1.4768594e+09 -9.8693700e-01
1.4768594e+09 -9.8663000e-01
1.4768595e+09 -9.8663000e-01
1.4768595e+09 -9.8601300e-01
1.4768595e+09 -9.8570700e-01
1.4768595e+09 -9.8570700e-01
1.4768595e+09 -9.8509700e-01
1.4768595e+09 -9.8479200e-01
1.4768595e+09 -9.8479200e-01
1.4768595e+09 -9.8418000e-01
1.4768595e+09 -9.8387500e-01
1.4768595e+09 -9.8387500e-01
1.4768595e+09 -9.8326700e-01
1.4768595e+09 -9.8326700e-01
1.4768595e+09 -9.8296200e-01
1.4768595e+09 -9.8204700e-01
1.4768595e+09 -9.8204700e-01
1.4768595e+09 -9.8204700e-01
1.4768595e+09 -9.8113000e-01
1.4768595e+09 -9.8113000e-01
1.4768595e+09 -9.8082000e-01
1.4768595e+09 -9.8020200e-01
1.4768595e+09 -9.8020200e-01
1.4768595e+09 -9.7957800e-01
1.4768595e+09 -9.7926200e-01
1.4768595e+09 -9.7926200e-01
1.4768595e+09 -9.7862200e-01
1.4768595e+09 -9.7830000e-01
1.4768595e+09 -9.7830000e-01
1.4768595e+09 -9.7764800e-01
1.4768595e+09 -9.7732300e-01
1.4768595e+09 -9.7732300e-01
1.4768595e+09 -9.7667000e-01
1.4768595e+09 -9.7634000e-01
1.4768595e+09 -9.7634000e-01
1.4768595e+09 -9.7567800e-01
1.4768595e+09 -9.7567800e-01
1.4768595e+09 -9.7534500e-01
1.4768595e+09 -9.7434200e-01
1.4768595e+09 -9.7434200e-01
1.4768595e+09 -9.7434200e-01
1.4768595e+09 -9.7333300e-01
1.4768595e+09 -9.7333300e-01
1.4768595e+09 -9.7299300e-01
1.4768595e+09 -9.7232200e-01
1.4768595e+09 -9.7232200e-01
1.4768595e+09 -9.7164200e-01
1.4768595e+09 -9.7130200e-01
1.4768595e+09 -9.7130200e-01
1.4768595e+09 -9.7062200e-01
1.4768595e+09 -9.7028000e-01
1.4768595e+09 -9.7028000e-01
1.4768595e+09 -9.6960000e-01
1.4768595e+09 -9.6926200e-01
1.4768595e+09 -9.6926200e-01
1.4768595e+09 -9.6858700e-01
1.4768595e+09 -9.6825000e-01
1.4768595e+09 -9.6825000e-01
1.4768595e+09 -9.6757800e-01
1.4768595e+09 -9.6757800e-01
1.4768595e+09 -9.6724300e-01
1.4768595e+09 -9.6657500e-01
1.4768595e+09 -9.6657500e-01
1.4768595e+09 -9.6624200e-01
1.4768595e+09 -9.6524000e-01
1.4768595e+09 -9.6524000e-01
1.4768595e+09 -9.6490800e-01
1.4768595e+09 -9.6424300e-01
1.4768595e+09 -9.6424300e-01
1.4768595e+09 -9.6357500e-01
1.4768595e+09 -9.6324000e-01
1.4768595e+09 -9.6324000e-01
1.4768595e+09 -9.6256700e-01
1.4768595e+09 -9.6222800e-01
1.4768595e+09 -9.6222800e-01
1.4768595e+09 -9.6156500e-01
1.4768595e+09 -9.6122800e-01
1.4768595e+09 -9.6122800e-01
1.4768595e+09 -9.6055300e-01
1.4768595e+09 -9.6021700e-01
1.4768595e+09 -9.6021700e-01
1.4768595e+09 -9.5954500e-01
1.4768595e+09 -9.5954500e-01
1.4768595e+09 -9.5920500e-01
1.4768595e+09 -9.5852500e-01
1.4768595e+09 -9.5852500e-01
1.4768595e+09 -9.5818700e-01
1.4768595e+09 -9.5716800e-01
1.4768595e+09 -9.5716800e-01
1.4768595e+09 -9.5682800e-01
1.4768595e+09 -9.5614800e-01
1.4768595e+09 -9.5614800e-01
1.4768595e+09 -9.5547300e-01
1.4768595e+09 -9.5513300e-01
1.4768595e+09 -9.5513300e-01
1.4768595e+09 -9.5445700e-01
1.4768595e+09 -9.5412000e-01
1.4768595e+09 -9.5412000e-01
1.4768596e+09 -9.5344500e-01
1.4768596e+09 -9.5310700e-01
1.4768596e+09 -9.5310700e-01
1.4768596e+09 -9.5243000e-01
1.4768596e+09 -9.5209200e-01
1.4768596e+09 -9.5209200e-01
1.4768596e+09 -9.5141300e-01
1.4768596e+09 -9.5141300e-01
1.4768596e+09 -9.5107300e-01
1.4768596e+09 -9.5039300e-01
1.4768596e+09 -9.5039300e-01
1.4768596e+09 -9.5005300e-01
1.4768596e+09 -9.4904000e-01
1.4768596e+09 -9.4904000e-01
1.4768596e+09 -9.4870700e-01
1.4768596e+09 -9.4803800e-01
1.4768596e+09 -9.4803800e-01
1.4768596e+09 -9.4737700e-01
1.4768596e+09 -9.4705200e-01
1.4768596e+09 -9.4705200e-01
1.4768596e+09 -9.4639800e-01
1.4768596e+09 -9.4607300e-01
1.4768596e+09 -9.4607300e-01
1.4768596e+09 -9.4541800e-01
1.4768596e+09 -9.4509300e-01
1.4768596e+09 -9.4509300e-01
1.4768596e+09 -9.4444700e-01
1.4768596e+09 -9.4412500e-01
1.4768596e+09 -9.4412500e-01
1.4768596e+09 -9.4349000e-01
1.4768596e+09 -9.4349000e-01
1.4768596e+09 -9.4317700e-01
1.4768596e+09 -9.4255200e-01
1.4768596e+09 -9.4255200e-01
1.4768596e+09 -9.4224000e-01
1.4768596e+09 -9.4131700e-01
1.4768596e+09 -9.4131700e-01
1.4768596e+09 -9.4101200e-01
1.4768596e+09 -9.4040000e-01
1.4768596e+09 -9.4040000e-01
1.4768596e+09 -9.4009300e-01
1.4768596e+09 -9.3948300e-01
1.4768596e+09 -9.3948300e-01
1.4768596e+09 -9.3887000e-01
1.4768596e+09 -9.3856700e-01
1.4768596e+09 -9.3856700e-01
1.4768596e+09 -9.3795000e-01
1.4768596e+09 -9.3764200e-01
1.4768596e+09 -9.3764200e-01
1.4768596e+09 -9.3702000e-01
1.4768596e+09 -9.3670700e-01
1.4768596e+09 -9.3670700e-01
1.4768596e+09 -9.3607800e-01
1.4768596e+09 -9.3576000e-01
1.4768596e+09 -9.3576000e-01
1.4768596e+09 -9.3511700e-01
1.4768596e+09 -9.3511700e-01
1.4768596e+09 -9.3479300e-01
1.4768596e+09 -9.3382000e-01
1.4768596e+09 -9.3382000e-01
1.4768596e+09 -9.3382000e-01
1.4768596e+09 -9.3283200e-01
1.4768596e+09 -9.3283200e-01
1.4768596e+09 -9.3249500e-01
1.4768596e+09 -9.3182800e-01
1.4768596e+09 -9.3182800e-01
1.4768596e+09 -9.3115700e-01
1.4768596e+09 -9.3082000e-01
1.4768596e+09 -9.3082000e-01
1.4768596e+09 -9.3014800e-01
1.4768596e+09 -9.2981300e-01
1.4768596e+09 -9.2981300e-01
1.4768596e+09 -9.2914200e-01
1.4768596e+09 -9.2880500e-01
1.4768596e+09 -9.2880500e-01
1.4768596e+09 -9.2812800e-01
1.4768596e+09 -9.2779000e-01
1.4768596e+09 -9.2779000e-01
1.4768596e+09 -9.2711300e-01
1.4768596e+09 -9.2711300e-01
1.4768596e+09 -9.2677700e-01
1.4768596e+09 -9.2611300e-01
1.4768596e+09 -9.2611300e-01
1.4768596e+09 -9.2578800e-01
1.4768596e+09 -9.2481500e-01
1.4768596e+09 -9.2481500e-01
1.4768596e+09 -9.2449200e-01
1.4768596e+09 -9.2383300e-01
1.4768596e+09 -9.2383300e-01
1.4768596e+09 -9.2316000e-01
1.4768596e+09 -9.2282200e-01
1.4768596e+09 -9.2282200e-01
1.4768596e+09 -9.2214000e-01
1.4768596e+09 -9.2179800e-01
1.4768596e+09 -9.2179800e-01
1.4768596e+09 -9.2110800e-01
1.4768597e+09 -9.2076000e-01
1.4768597e+09 -9.2076000e-01
1.4768597e+09 -9.2006700e-01
1.4768597e+09 -9.1971800e-01
1.4768597e+09 -9.1971800e-01
1.4768597e+09 -9.1902500e-01
1.4768597e+09 -9.1902500e-01
1.4768597e+09 -9.1868300e-01
1.4768597e+09 -9.1799700e-01
1.4768597e+09 -9.1799700e-01
1.4768597e+09 -9.1765200e-01
1.4768597e+09 -9.1663700e-01
1.4768597e+09 -9.1663700e-01
1.4768597e+09 -9.1630500e-01
1.4768597e+09 -9.1564200e-01
1.4768597e+09 -9.1564200e-01
1.4768597e+09 -9.1531000e-01
1.4768597e+09 -9.1465700e-01
1.4768597e+09 -9.1465700e-01
1.4768597e+09 -9.1400500e-01
1.4768597e+09 -9.1368500e-01
1.4768597e+09 -9.1368500e-01
1.4768597e+09 -9.1305200e-01
1.4768597e+09 -9.1274000e-01
1.4768597e+09 -9.1274000e-01
1.4768597e+09 -9.1212800e-01
1.4768597e+09 -9.1182800e-01
1.4768597e+09 -9.1182800e-01
1.4768597e+09 -9.1122800e-01
1.4768597e+09 -9.1093500e-01
1.4768597e+09 -9.1093500e-01
1.4768597e+09 -9.1036300e-01
1.4768597e+09 -9.1036300e-01
1.4768597e+09 -9.1007800e-01
1.4768597e+09 -9.0925000e-01
1.4768597e+09 -9.0925000e-01
1.4768597e+09 -9.0925000e-01
1.4768597e+09 -9.0844500e-01
1.4768597e+09 -9.0844500e-01
1.4768597e+09 -9.0818300e-01
1.4768597e+09 -9.0767500e-01
1.4768597e+09 -9.0767500e-01
1.4768597e+09 -9.0717700e-01
1.4768597e+09 -9.0693000e-01
1.4768597e+09 -9.0693000e-01
1.4768597e+09 -9.0644000e-01
1.4768597e+09 -9.0619500e-01
1.4768597e+09 -9.0619500e-01
1.4768597e+09 -9.0570000e-01
1.4768597e+09 -9.0545200e-01
1.4768597e+09 -9.0545200e-01
1.4768597e+09 -9.0495500e-01
1.4768597e+09 -9.0470700e-01
1.4768597e+09 -9.0470700e-01
1.4768597e+09 -9.0421300e-01
1.4768597e+09 -9.0421300e-01
1.4768597e+09 -9.0397000e-01
1.4768597e+09 -9.0350300e-01
1.4768597e+09 -9.0350300e-01
1.4768597e+09 -9.0328000e-01
1.4768597e+09 -9.0272700e-01
1.4768597e+09 -9.0272700e-01
1.4768597e+09 -9.0259000e-01
1.4768597e+09 -9.0237200e-01
1.4768597e+09 -9.0237200e-01
1.4768597e+09 -9.0221300e-01
1.4768597e+09 -9.0213700e-01
1.4768597e+09 -9.0213700e-01
1.4768597e+09 -9.0194800e-01
1.4768597e+09 -9.0182800e-01
1.4768597e+09 -9.0182800e-01
1.4768597e+09 -9.0153000e-01
1.4768597e+09 -9.0135500e-01
1.4768597e+09 -9.0135500e-01
1.4768597e+09 -9.0097700e-01
1.4768597e+09 -9.0077700e-01
1.4768597e+09 -9.0077700e-01
1.4768597e+09 -9.0036800e-01
1.4768597e+09 -9.0036800e-01
1.4768597e+09 -9.0015500e-01
1.4768597e+09 -8.9971700e-01
1.4768597e+09 -8.9971700e-01
1.4768597e+09 -8.9949700e-01
1.4768597e+09 -8.9889700e-01
1.4768597e+09 -8.9889700e-01
1.4768597e+09 -8.9872300e-01
1.4768597e+09 -8.9842000e-01
1.4768597e+09 -8.9842000e-01
1.4768597e+09 -8.9830300e-01
1.4768597e+09 -8.9816000e-01
1.4768597e+09 -8.9816000e-01
1.4768597e+09 -8.9813800e-01
1.4768597e+09 -8.9815200e-01
1.4768597e+09 -8.9815200e-01
1.4768597e+09 -8.9826700e-01
1.4768597e+09 -8.9838000e-01
1.4768598e+09 -8.9838000e-01
1.4768598e+09 -8.9858300e-01
1.4768598e+09 -8.9865000e-01
1.4768598e+09 -8.9865000e-01
1.4768598e+09 -8.9872700e-01
1.4768598e+09 -8.9873500e-01
1.4768598e+09 -8.9873500e-01
1.4768598e+09 -8.9869800e-01
1.4768598e+09 -8.9869800e-01
1.4768598e+09 -8.9866200e-01
1.4768598e+09 -8.9852200e-01
1.4768598e+09 -8.9852200e-01
1.4768598e+09 -8.9852200e-01
1.4768598e+09 -8.9837200e-01
1.4768598e+09 -8.9837200e-01
1.4768598e+09 -8.9832300e-01
1.4768598e+09 -8.9823500e-01
1.4768598e+09 -8.9823500e-01
1.4768598e+09 -8.9816300e-01
1.4768598e+09 -8.9812700e-01
1.4768598e+09 -8.9812700e-01
1.4768598e+09 -8.9807200e-01
1.4768598e+09 -8.9805700e-01
1.4768598e+09 -8.9805700e-01
1.4768598e+09 -8.9802300e-01
1.4768598e+09 -8.9799700e-01
1.4768598e+09 -8.9799700e-01
1.4768598e+09 -8.9790700e-01
1.4768598e+09 -8.9784200e-01
1.4768598e+09 -8.9784200e-01
1.4768598e+09 -8.9768800e-01
1.4768598e+09 -8.9768800e-01
1.4768598e+09 -8.9760800e-01
1.4768598e+09 -8.9736300e-01
1.4768598e+09 -8.9736300e-01
1.4768598e+09 -8.9736300e-01
1.4768598e+09 -8.9705000e-01
1.4768598e+09 -8.9705000e-01
1.4768598e+09 -8.9693300e-01
1.4768598e+09 -8.9668000e-01
1.4768598e+09 -8.9668000e-01
1.4768598e+09 -8.9640300e-01
1.4768598e+09 -8.9625800e-01
1.4768598e+09 -8.9625800e-01
1.4768598e+09 -8.9595200e-01
1.4768598e+09 -8.9578500e-01
1.4768598e+09 -8.9578500e-01
1.4768598e+09 -8.9542800e-01
1.4768598e+09 -8.9523700e-01
1.4768598e+09 -8.9523700e-01
1.4768598e+09 -8.9482200e-01
1.4768598e+09 -8.9460200e-01
1.4768598e+09 -8.9460200e-01
1.4768598e+09 -8.9414700e-01
1.4768598e+09 -8.9414700e-01
1.4768598e+09 -8.9390800e-01
1.4768598e+09 -8.9316500e-01
1.4768598e+09 -8.9316500e-01
1.4768598e+09 -8.9316500e-01
1.4768598e+09 -8.9234300e-01
1.4768598e+09 -8.9234300e-01
1.4768598e+09 -8.9206500e-01
1.4768598e+09 -8.9150800e-01
1.4768598e+09 -8.9150800e-01
1.4768598e+09 -8.9095000e-01
1.4768598e+09 -8.9067300e-01
1.4768598e+09 -8.9067300e-01
1.4768598e+09 -8.9014300e-01
1.4768598e+09 -8.8988700e-01
1.4768598e+09 -8.8988700e-01
1.4768598e+09 -8.8937700e-01
1.4768598e+09 -8.8912700e-01
1.4768598e+09 -8.8912700e-01
1.4768598e+09 -8.8863700e-01
1.4768598e+09 -8.8839000e-01
1.4768598e+09 -8.8839000e-01
1.4768598e+09 -8.8788000e-01
1.4768598e+09 -8.8788000e-01
1.4768598e+09 -8.8761800e-01
1.4768598e+09 -8.8706300e-01
1.4768598e+09 -8.8706300e-01
1.4768598e+09 -8.8677300e-01
1.4768598e+09 -8.8586800e-01
1.4768598e+09 -8.8586800e-01
1.4768598e+09 -8.8555200e-01
1.4768598e+09 -8.8490700e-01
1.4768598e+09 -8.8490700e-01
1.4768598e+09 -8.8424700e-01
1.4768598e+09 -8.8391700e-01
1.4768598e+09 -8.8391700e-01
1.4768598e+09 -8.8326000e-01
1.4768598e+09 -8.8293700e-01
1.4768598e+09 -8.8293700e-01
1.4768598e+09 -8.8231300e-01
1.4768598e+09 -8.8200700e-01
1.4768598e+09 -8.8200700e-01
1.4768599e+09 -8.8140200e-01
1.4768599e+09 -8.8110200e-01
1.4768599e+09 -8.8110200e-01
1.4768599e+09 -8.8050300e-01
1.4768599e+09 -8.8050300e-01
1.4768599e+09 -8.8020500e-01
1.4768599e+09 -8.7959700e-01
1.4768599e+09 -8.7959700e-01
1.4768599e+09 -8.7929200e-01
1.4768599e+09 -8.7837800e-01
1.4768599e+09 -8.7837800e-01
1.4768599e+09 -8.7807700e-01
1.4768599e+09 -8.7747300e-01
1.4768599e+09 -8.7747300e-01
1.4768599e+09 -8.7687300e-01
1.4768599e+09 -8.7657000e-01
1.4768599e+09 -8.7657000e-01
1.4768599e+09 -8.7597300e-01
1.4768599e+09 -8.7567500e-01
1.4768599e+09 -8.7567500e-01
1.4768599e+09 -8.7508200e-01
1.4768599e+09 -8.7479000e-01
1.4768599e+09 -8.7479000e-01
1.4768599e+09 -8.7423200e-01
1.4768599e+09 -8.7396200e-01
1.4768599e+09 -8.7396200e-01
1.4768599e+09 -8.7344200e-01
1.4768599e+09 -8.7344200e-01
1.4768599e+09 -8.7319700e-01
1.4768599e+09 -8.7249300e-01
1.4768599e+09 -8.7249300e-01
1.4768599e+09 -8.7249300e-01
1.4768599e+09 -8.7185800e-01
1.4768599e+09 -8.7185800e-01
1.4768599e+09 -8.7165800e-01
1.4768599e+09 -8.7127200e-01
1.4768599e+09 -8.7127200e-01
1.4768599e+09 -8.7092800e-01
1.4768599e+09 -8.7076500e-01
1.4768599e+09 -8.7076500e-01
1.4768599e+09 -8.7047000e-01
1.4768599e+09 -8.7033200e-01
1.4768599e+09 -8.7033200e-01
1.4768599e+09 -8.7007300e-01
1.4768599e+09 -8.6995700e-01
1.4768599e+09 -8.6995700e-01
1.4768599e+09 -8.6974300e-01
1.4768599e+09 -8.6965200e-01
1.4768599e+09 -8.6965200e-01
1.4768599e+09 -8.6949700e-01
1.4768599e+09 -8.6943700e-01
1.4768599e+09 -8.6943700e-01
1.4768599e+09 -8.6932300e-01
1.4768599e+09 -8.6932300e-01
1.4768599e+09 -8.6927000e-01
1.4768599e+09 -8.6909500e-01
1.4768599e+09 -8.6909500e-01
1.4768599e+09 -8.6903200e-01
1.4768599e+09 -8.6889700e-01
1.4768599e+09 -8.6889700e-01
1.4768599e+09 -8.6882700e-01
1.4768599e+09 -8.6867800e-01
1.4768599e+09 -8.6867800e-01
1.4768599e+09 -8.6851700e-01
1.4768599e+09 -8.6843300e-01
1.4768599e+09 -8.6843300e-01
1.4768599e+09 -8.6825800e-01
1.4768599e+09 -8.6816800e-01
1.4768599e+09 -8.6816800e-01
1.4768599e+09 -8.6799500e-01
1.4768599e+09 -8.6791200e-01
1.4768599e+09 -8.6791200e-01
1.4768599e+09 -8.6775200e-01
1.4768599e+09 -8.6767300e-01
1.4768599e+09 -8.6767300e-01
1.4768599e+09 -8.6751200e-01
1.4768599e+09 -8.6751200e-01
1.4768599e+09 -8.6743200e-01
1.4768599e+09 -8.6719300e-01
1.4768599e+09 -8.6719300e-01
1.4768599e+09 -8.6719300e-01
1.4768599e+09 -8.6695500e-01
1.4768599e+09 -8.6695500e-01
1.4768599e+09 -8.6687700e-01
1.4768599e+09 -8.6671500e-01
1.4768599e+09 -8.6671500e-01
1.4768599e+09 -8.6656000e-01
1.4768599e+09 -8.6648000e-01
1.4768599e+09 -8.6648000e-01
1.4768599e+09 -8.6632500e-01
1.4768599e+09 -8.6624500e-01
1.4768599e+09 -8.6624500e-01
1.4768599e+09 -8.6608500e-01
1.4768599e+09 -8.6600500e-01
1.4768599e+09 -8.6600500e-01
1.4768599e+09 -8.6584500e-01
1.4768600e+09 -8.6576800e-01
1.4768600e+09 -8.6576800e-01
1.4768600e+09 -8.6562000e-01
1.4768600e+09 -8.6562000e-01
1.4768600e+09 -8.6555300e-01
1.4768600e+09 -8.6543800e-01
1.4768600e+09 -8.6543800e-01
1.4768600e+09 -8.6539000e-01
1.4768600e+09 -8.6530800e-01
1.4768600e+09 -8.6530800e-01
1.4768600e+09 -8.6529800e-01
1.4768600e+09 -8.6530000e-01
1.4768600e+09 -8.6530000e-01
1.4768600e+09 -8.6533700e-01
1.4768600e+09 -8.6536800e-01
1.4768600e+09 -8.6536800e-01
1.4768600e+09 -8.6544800e-01
1.4768600e+09 -8.6549700e-01
1.4768600e+09 -8.6549700e-01
1.4768600e+09 -8.6561000e-01
1.4768600e+09 -8.6566500e-01
1.4768600e+09 -8.6566500e-01
1.4768600e+09 -8.6578000e-01
1.4768600e+09 -8.6583700e-01
1.4768600e+09 -8.6583700e-01
1.4768600e+09 -8.6595000e-01
1.4768600e+09 -8.6600800e-01
1.4768600e+09 -8.6600800e-01
1.4768600e+09 -8.6612300e-01
1.4768600e+09 -8.6612300e-01
1.4768600e+09 -8.6618000e-01
1.4768600e+09 -8.6637500e-01
1.4768600e+09 -8.6637500e-01
1.4768600e+09 -8.6644700e-01
1.4768600e+09 -8.6661500e-01
1.4768600e+09 -8.6661500e-01
1.4768600e+09 -8.6680800e-01
1.4768600e+09 -8.6691000e-01
1.4768600e+09 -8.6691000e-01
1.4768600e+09 -8.6711300e-01
1.4768600e+09 -8.6721300e-01
1.4768600e+09 -8.6721300e-01
1.4768600e+09 -8.6741000e-01
1.4768600e+09 -8.6751000e-01
1.4768600e+09 -8.6751000e-01
1.4768600e+09 -8.6770300e-01
1.4768600e+09 -8.6779500e-01
1.4768600e+09 -8.6779500e-01
1.4768600e+09 -8.6797800e-01
1.4768600e+09 -8.6797800e-01
1.4768600e+09 -8.6807500e-01
1.4768600e+09 -8.6827300e-01
1.4768600e+09 -8.6827300e-01
1.4768600e+09 -8.6837300e-01
1.4768600e+09 -8.6866800e-01
1.4768600e+09 -8.6866800e-01
1.4768600e+09 -8.6876300e-01
1.4768600e+09 -8.6896200e-01
1.4768600e+09 -8.6896200e-01
1.4768600e+09 -8.6915300e-01
1.4768600e+09 -8.6924200e-01
1.4768600e+09 -8.6924200e-01
1.4768600e+09 -8.6939200e-01
1.4768600e+09 -8.6945700e-01
1.4768600e+09 -8.6945700e-01
1.4768600e+09 -8.6957000e-01
1.4768600e+09 -8.6962200e-01
1.4768600e+09 -8.6962200e-01
1.4768600e+09 -8.6972200e-01
1.4768600e+09 -8.6977200e-01
1.4768600e+09 -8.6977200e-01
1.4768600e+09 -8.6987000e-01
1.4768600e+09 -8.6987000e-01
1.4768600e+09 -8.6991800e-01
1.4768600e+09 -8.7001700e-01
1.4768600e+09 -8.7001700e-01
1.4768600e+09 -8.7006000e-01
1.4768600e+09 -8.7020300e-01
1.4768600e+09 -8.7020300e-01
1.4768600e+09 -8.7025300e-01
1.4768600e+09 -8.7035200e-01
1.4768600e+09 -8.7035200e-01
1.4768600e+09 -8.7040200e-01
1.4768600e+09 -8.7049800e-01
1.4768600e+09 -8.7049800e-01
1.4768600e+09 -8.7060200e-01
1.4768600e+09 -8.7065300e-01
1.4768600e+09 -8.7065300e-01
1.4768600e+09 -8.7075700e-01
1.4768600e+09 -8.7081000e-01
1.4768600e+09 -8.7081000e-01
1.4768600e+09 -8.7090500e-01
1.4768600e+09 -8.7095200e-01
1.4768600e+09 -8.7095200e-01
1.4768600e+09 -8.7105500e-01
1.4768600e+09 -8.7110500e-01
1.4768601e+09 -8.7110500e-01
1.4768601e+09 -8.7120800e-01
1.4768601e+09 -8.7120800e-01
1.4768601e+09 -8.7125800e-01
1.4768601e+09 -8.7140300e-01
1.4768601e+09 -8.7140300e-01
1.4768601e+09 -8.7145200e-01
1.4768601e+09 -8.7155200e-01
1.4768601e+09 -8.7155200e-01
1.4768601e+09 -8.7165000e-01
1.4768601e+09 -8.7169500e-01
1.4768601e+09 -8.7169500e-01
1.4768601e+09 -8.7179200e-01
1.4768601e+09 -8.7184300e-01
1.4768601e+09 -8.7184300e-01
1.4768601e+09 -8.7193500e-01
1.4768601e+09 -8.7197800e-01
1.4768601e+09 -8.7197800e-01
1.4768601e+09 -8.7205300e-01
1.4768601e+09 -8.7208500e-01
1.4768601e+09 -8.7208500e-01
1.4768601e+09 -8.7213200e-01
1.4768601e+09 -8.7213200e-01
1.4768601e+09 -8.7214700e-01
1.4768601e+09 -8.7216800e-01
1.4768601e+09 -8.7216800e-01
1.4768601e+09 -8.7217500e-01
1.4768601e+09 -8.7219500e-01
1.4768601e+09 -8.7219500e-01
1.4768601e+09 -8.7220200e-01
1.4768601e+09 -8.7220800e-01
1.4768601e+09 -8.7220800e-01
1.4768601e+09 -8.7221500e-01
1.4768601e+09 -8.7222500e-01
1.4768601e+09 -8.7222500e-01
1.4768601e+09 -8.7223200e-01
1.4768601e+09 -8.7223800e-01
1.4768601e+09 -8.7223800e-01
1.4768601e+09 -8.7224800e-01
1.4768601e+09 -8.7225300e-01
1.4768601e+09 -8.7225300e-01
1.4768601e+09 -8.7224000e-01
1.4768601e+09 -8.7222000e-01
1.4768601e+09 -8.7222000e-01
1.4768601e+09 -8.7216200e-01
1.4768601e+09 -8.7211800e-01
1.4768601e+09 -8.7211800e-01
1.4768601e+09 -8.7200300e-01
1.4768601e+09 -8.7200300e-01
1.4768601e+09 -8.7194000e-01
1.4768601e+09 -8.7170300e-01
1.4768601e+09 -8.7170300e-01
1.4768601e+09 -8.7170300e-01
1.4768601e+09 -8.7137700e-01
1.4768601e+09 -8.7137700e-01
1.4768601e+09 -8.7124800e-01
1.4768601e+09 -8.7095800e-01
1.4768601e+09 -8.7095800e-01
1.4768601e+09 -8.7064200e-01
1.4768601e+09 -8.7047300e-01
1.4768601e+09 -8.7047300e-01
1.4768601e+09 -8.7010800e-01
1.4768601e+09 -8.6991500e-01
1.4768601e+09 -8.6991500e-01
1.4768601e+09 -8.6951300e-01
1.4768601e+09 -8.6930200e-01
1.4768601e+09 -8.6930200e-01
1.4768601e+09 -8.6886700e-01
1.4768601e+09 -8.6864800e-01
1.4768601e+09 -8.6864800e-01
1.4768601e+09 -8.6822300e-01
1.4768601e+09 -8.6822300e-01
1.4768601e+09 -8.6800800e-01
1.4768601e+09 -8.6734700e-01
1.4768601e+09 -8.6734700e-01
1.4768601e+09 -8.6734700e-01
1.4768601e+09 -8.6670800e-01
1.4768601e+09 -8.6670800e-01
1.4768601e+09 -8.6650500e-01
1.4768601e+09 -8.6611500e-01
1.4768601e+09 -8.6611500e-01
1.4768601e+09 -8.6574700e-01
1.4768601e+09 -8.6556700e-01
1.4768601e+09 -8.6556700e-01
1.4768601e+09 -8.6521500e-01
1.4768601e+09 -8.6504500e-01
1.4768601e+09 -8.6504500e-01
1.4768601e+09 -8.6470300e-01
1.4768601e+09 -8.6453200e-01
1.4768601e+09 -8.6453200e-01
1.4768601e+09 -8.6418800e-01
1.4768601e+09 -8.6401700e-01
1.4768601e+09 -8.6401700e-01
1.4768601e+09 -8.6367800e-01
1.4768601e+09 -8.6350700e-01
1.4768601e+09 -8.6350700e-01
1.4768602e+09 -8.6316700e-01
1.4768602e+09 -8.6316700e-01
1.4768602e+09 -8.6299300e-01
1.4768602e+09 -8.6246000e-01
1.4768602e+09 -8.6246000e-01
1.4768602e+09 -8.6227500e-01
1.4768602e+09 -8.6189800e-01
1.4768602e+09 -8.6189800e-01
1.4768602e+09 -8.6170700e-01
1.4768602e+09 -8.6131500e-01
1.4768602e+09 -8.6131500e-01
1.4768602e+09 -8.6091800e-01
1.4768602e+09 -8.6071800e-01
1.4768602e+09 -8.6071800e-01
1.4768602e+09 -8.6031000e-01
1.4768602e+09 -8.6010000e-01
1.4768602e+09 -8.6010000e-01
1.4768602e+09 -8.5968000e-01
1.4768602e+09 -8.5947000e-01
1.4768602e+09 -8.5947000e-01
1.4768602e+09 -8.5904700e-01
1.4768602e+09 -8.5882800e-01
1.4768602e+09 -8.5882800e-01
1.4768602e+09 -8.5838700e-01
1.4768602e+09 -8.5838700e-01
1.4768602e+09 -8.5816700e-01
1.4768602e+09 -8.5750200e-01
1.4768602e+09 -8.5750200e-01
1.4768602e+09 -8.5750200e-01
1.4768602e+09 -8.5683200e-01
1.4768602e+09 -8.5683200e-01
1.4768602e+09 -8.5661000e-01
1.4768602e+09 -8.5616500e-01
1.4768602e+09 -8.5616500e-01
1.4768602e+09 -8.5572700e-01
1.4768602e+09 -8.5551000e-01
1.4768602e+09 -8.5551000e-01
1.4768602e+09 -8.5508200e-01
1.4768602e+09 -8.5486700e-01
1.4768602e+09 -8.5486700e-01
1.4768602e+09 -8.5444200e-01
1.4768602e+09 -8.5423200e-01
1.4768602e+09 -8.5423200e-01
1.4768602e+09 -8.5381000e-01
1.4768602e+09 -8.5360500e-01
1.4768602e+09 -8.5360500e-01
1.4768602e+09 -8.5319700e-01
1.4768602e+09 -8.5319700e-01
1.4768602e+09 -8.5299300e-01
1.4768602e+09 -8.5259200e-01
1.4768602e+09 -8.5259200e-01
1.4768602e+09 -8.5239000e-01
1.4768602e+09 -8.5177500e-01
1.4768602e+09 -8.5177500e-01
1.4768602e+09 -8.5156800e-01
1.4768602e+09 -8.5114800e-01
1.4768602e+09 -8.5114800e-01
1.4768602e+09 -8.5073000e-01
1.4768602e+09 -8.5051700e-01
1.4768602e+09 -8.5051700e-01
1.4768602e+09 -8.5009000e-01
1.4768602e+09 -8.4988000e-01
1.4768602e+09 -8.4988000e-01
1.4768602e+09 -8.4945300e-01
1.4768602e+09 -8.4923800e-01
1.4768602e+09 -8.4923800e-01
1.4768602e+09 -8.4881000e-01
1.4768602e+09 -8.4859700e-01
1.4768602e+09 -8.4859700e-01
1.4768602e+09 -8.4817000e-01
1.4768602e+09 -8.4817000e-01
1.4768602e+09 -8.4795700e-01
1.4768602e+09 -8.4753200e-01
1.4768602e+09 -8.4753200e-01
1.4768602e+09 -8.4731800e-01
1.4768602e+09 -8.4667500e-01
1.4768602e+09 -8.4667500e-01
1.4768602e+09 -8.4646500e-01
1.4768602e+09 -8.4604200e-01
1.4768602e+09 -8.4604200e-01
1.4768602e+09 -8.4561200e-01
1.4768602e+09 -8.4540300e-01
1.4768602e+09 -8.4540300e-01
1.4768602e+09 -8.4500300e-01
1.4768602e+09 -8.4481300e-01
1.4768602e+09 -8.4481300e-01
1.4768602e+09 -8.4444300e-01
1.4768602e+09 -8.4427300e-01
1.4768602e+09 -8.4427300e-01
1.4768602e+09 -8.4397200e-01
1.4768602e+09 -8.4383200e-01
1.4768602e+09 -8.4383200e-01
1.4768602e+09 -8.4360000e-01
1.4768602e+09 -8.4350200e-01
1.4768602e+09 -8.4350200e-01
1.4768602e+09 -8.4332000e-01
1.4768603e+09 -8.4332000e-01
1.4768603e+09 -8.4324500e-01
1.4768603e+09 -8.4306300e-01
1.4768603e+09 -8.4306300e-01
1.4768603e+09 -8.4306300e-01
1.4768603e+09 -8.4289500e-01
1.4768603e+09 -8.4289500e-01
1.4768603e+09 -8.4283800e-01
1.4768603e+09 -8.4271800e-01
1.4768603e+09 -8.4271800e-01
1.4768603e+09 -8.4258800e-01
1.4768603e+09 -8.4252000e-01
1.4768603e+09 -8.4252000e-01
1.4768603e+09 -8.4239500e-01
1.4768603e+09 -8.4233800e-01
1.4768603e+09 -8.4233800e-01
1.4768603e+09 -8.4222800e-01
1.4768603e+09 -8.4217300e-01
1.4768603e+09 -8.4217300e-01
1.4768603e+09 -8.4205500e-01
1.4768603e+09 -8.4199500e-01
1.4768603e+09 -8.4199500e-01
1.4768603e+09 -8.4188300e-01
1.4768603e+09 -8.4188300e-01
1.4768603e+09 -8.4182700e-01
1.4768603e+09 -8.4164700e-01
1.4768603e+09 -8.4164700e-01
1.4768603e+09 -8.4164700e-01
1.4768603e+09 -8.4147000e-01
1.4768603e+09 -8.4147000e-01
1.4768603e+09 -8.4141200e-01
1.4768603e+09 -8.4129800e-01
1.4768603e+09 -8.4129800e-01
1.4768603e+09 -8.4118500e-01
1.4768603e+09 -8.4112800e-01
1.4768603e+09 -8.4112800e-01
1.4768603e+09 -8.4100800e-01
1.4768603e+09 -8.4095000e-01
1.4768603e+09 -8.4095000e-01
1.4768603e+09 -8.4083500e-01
1.4768603e+09 -8.4077700e-01
1.4768603e+09 -8.4077700e-01
1.4768603e+09 -8.4066000e-01
1.4768603e+09 -8.4060200e-01
1.4768603e+09 -8.4060200e-01
1.4768603e+09 -8.4048200e-01
1.4768603e+09 -8.4048200e-01
1.4768603e+09 -8.4041700e-01
1.4768603e+09 -8.4027800e-01
1.4768603e+09 -8.4027800e-01
1.4768603e+09 -8.4020500e-01
1.4768603e+09 -8.3997200e-01
1.4768603e+09 -8.3997200e-01
1.4768603e+09 -8.3988500e-01
1.4768603e+09 -8.3971000e-01
1.4768603e+09 -8.3971000e-01
1.4768603e+09 -8.3962200e-01
1.4768603e+09 -8.3944500e-01
1.4768603e+09 -8.3944500e-01
1.4768603e+09 -8.3926700e-01
1.4768603e+09 -8.3917700e-01
1.4768603e+09 -8.3917700e-01
1.4768603e+09 -8.3900200e-01
1.4768603e+09 -8.3891500e-01
1.4768603e+09 -8.3891500e-01
1.4768603e+09 -8.3876300e-01
1.4768603e+09 -8.3869800e-01
1.4768603e+09 -8.3869800e-01
1.4768603e+09 -8.3857300e-01
1.4768603e+09 -8.3850700e-01
1.4768603e+09 -8.3850700e-01
1.4768603e+09 -8.3839500e-01
1.4768603e+09 -8.3839500e-01
1.4768603e+09 -8.3835500e-01
1.4768603e+09 -8.3820500e-01
1.4768603e+09 -8.3820500e-01
1.4768603e+09 -8.3820500e-01
1.4768603e+09 -8.3797000e-01
1.4768603e+09 -8.3797000e-01
1.4768603e+09 -8.3787200e-01
1.4768603e+09 -8.3765700e-01
1.4768603e+09 -8.3765700e-01
1.4768603e+09 -8.3743500e-01
1.4768603e+09 -8.3732200e-01
1.4768603e+09 -8.3732200e-01
1.4768603e+09 -8.3708300e-01
1.4768603e+09 -8.3697200e-01
1.4768603e+09 -8.3697200e-01
1.4768603e+09 -8.3676700e-01
1.4768603e+09 -8.3668300e-01
1.4768603e+09 -8.3668300e-01
1.4768603e+09 -8.3653500e-01
1.4768603e+09 -8.3646800e-01
1.4768603e+09 -8.3646800e-01
1.4768603e+09 -8.3632800e-01
1.4768603e+09 -8.3632800e-01
1.4768604e+09 -8.3624700e-01
1.4768604e+09 -8.3605300e-01
1.4768604e+09 -8.3605300e-01
1.4768604e+09 -8.3593200e-01
1.4768604e+09 -8.3551200e-01
1.4768604e+09 -8.3551200e-01
1.4768604e+09 -8.3536000e-01
1.4768604e+09 -8.3504700e-01
1.4768604e+09 -8.3504700e-01
1.4768604e+09 -8.3472300e-01
1.4768604e+09 -8.3456000e-01
1.4768604e+09 -8.3456000e-01
1.4768604e+09 -8.3423000e-01
1.4768604e+09 -8.3406700e-01
1.4768604e+09 -8.3406700e-01
1.4768604e+09 -8.3373200e-01
1.4768604e+09 -8.3356000e-01
1.4768604e+09 -8.3356000e-01
1.4768604e+09 -8.3322200e-01
1.4768604e+09 -8.3305500e-01
1.4768604e+09 -8.3305500e-01
1.4768604e+09 -8.3272500e-01
1.4768604e+09 -8.3255700e-01
1.4768604e+09 -8.3255700e-01
1.4768604e+09 -8.3221300e-01
1.4768604e+09 -8.3221300e-01
1.4768604e+09 -8.3204300e-01
1.4768604e+09 -8.3152000e-01
1.4768604e+09 -8.3152000e-01
1.4768604e+09 -8.3152000e-01
1.4768604e+09 -8.3099200e-01
1.4768604e+09 -8.3099200e-01
1.4768604e+09 -8.3081700e-01
1.4768604e+09 -8.3046200e-01
1.4768604e+09 -8.3046200e-01
1.4768604e+09 -8.3011200e-01
1.4768604e+09 -8.2993500e-01
1.4768604e+09 -8.2993500e-01
1.4768604e+09 -8.2958200e-01
1.4768604e+09 -8.2940200e-01
1.4768604e+09 -8.2940200e-01
1.4768604e+09 -8.2905000e-01
1.4768604e+09 -8.2887800e-01
1.4768604e+09 -8.2887800e-01
1.4768604e+09 -8.2853500e-01
1.4768604e+09 -8.2837300e-01
1.4768604e+09 -8.2837300e-01
1.4768604e+09 -8.2806500e-01
1.4768604e+09 -8.2806500e-01
1.4768604e+09 -8.2792500e-01
1.4768604e+09 -8.2766800e-01
1.4768604e+09 -8.2766800e-01
1.4768604e+09 -8.2755300e-01
1.4768604e+09 -8.2724300e-01
1.4768604e+09 -8.2724300e-01
1.4768604e+09 -8.2714500e-01
1.4768604e+09 -8.2693800e-01
1.4768604e+09 -8.2693800e-01
1.4768604e+09 -8.2671500e-01
1.4768604e+09 -8.2660000e-01
1.4768604e+09 -8.2660000e-01
1.4768604e+09 -8.2635300e-01
1.4768604e+09 -8.2622300e-01
1.4768604e+09 -8.2622300e-01
1.4768604e+09 -8.2595200e-01
1.4768604e+09 -8.2581000e-01
1.4768604e+09 -8.2581000e-01
1.4768604e+09 -8.2552000e-01
1.4768604e+09 -8.2537300e-01
1.4768604e+09 -8.2537300e-01
1.4768604e+09 -8.2507700e-01
1.4768604e+09 -8.2507700e-01
1.4768604e+09 -8.2493000e-01
1.4768604e+09 -8.2463300e-01
1.4768604e+09 -8.2463300e-01
1.4768604e+09 -8.2448700e-01
1.4768604e+09 -8.2409300e-01
1.4768604e+09 -8.2409300e-01
1.4768604e+09 -8.2409300e-01
1.4768604e+09 -8.2380500e-01
1.4768604e+09 -8.2380500e-01
1.4768604e+09 -8.2373200e-01
1.4768604e+09 -8.2361000e-01
1.4768604e+09 -8.2361000e-01
1.4768604e+09 -8.2353800e-01
1.4768604e+09 -8.2351800e-01
1.4768604e+09 -8.2351800e-01
1.4768604e+09 -8.2347300e-01
1.4768604e+09 -8.2343200e-01
1.4768604e+09 -8.2343200e-01
1.4768604e+09 -8.2332200e-01
1.4768604e+09 -8.2326300e-01
1.4768604e+09 -8.2326300e-01
1.4768604e+09 -8.2313800e-01
1.4768604e+09 -8.2313800e-01
1.4768604e+09 -8.2308800e-01
1.4768605e+09 -8.2302300e-01
1.4768605e+09 -8.2302300e-01
1.4768605e+09 -8.2300700e-01
1.4768605e+09 -8.2294800e-01
1.4768605e+09 -8.2294800e-01
1.4768605e+09 -8.2294800e-01
1.4768605e+09 -8.2279000e-01
1.4768605e+09 -8.2279000e-01
1.4768605e+09 -8.2272800e-01
1.4768605e+09 -8.2258000e-01
1.4768605e+09 -8.2258000e-01
1.4768605e+09 -8.2241300e-01
1.4768605e+09 -8.2232200e-01
1.4768605e+09 -8.2232200e-01
1.4768605e+09 -8.2213800e-01
1.4768605e+09 -8.2204300e-01
1.4768605e+09 -8.2204300e-01
1.4768605e+09 -8.2184300e-01
1.4768605e+09 -8.2174200e-01
1.4768605e+09 -8.2174200e-01
1.4768605e+09 -8.2153500e-01
1.4768605e+09 -8.2143500e-01
1.4768605e+09 -8.2143500e-01
1.4768605e+09 -8.2125200e-01
1.4768605e+09 -8.2125200e-01
1.4768605e+09 -8.2116500e-01
1.4768605e+09 -8.2100200e-01
1.4768605e+09 -8.2100200e-01
1.4768605e+09 -8.2091700e-01
1.4768605e+09 -8.2065200e-01
1.4768605e+09 -8.2065200e-01
1.4768605e+09 -8.2055700e-01
1.4768605e+09 -8.2036700e-01
1.4768605e+09 -8.2036700e-01
1.4768605e+09 -8.2018000e-01
1.4768605e+09 -8.2009700e-01
1.4768605e+09 -8.2009700e-01
1.4768605e+09 -8.1994500e-01
1.4768605e+09 -8.1986800e-01
1.4768605e+09 -8.1986800e-01
1.4768605e+09 -8.1971300e-01
1.4768605e+09 -8.1963700e-01
1.4768605e+09 -8.1963700e-01
1.4768605e+09 -8.1948500e-01
1.4768605e+09 -8.1941300e-01
1.4768605e+09 -8.1941300e-01
1.4768605e+09 -8.1926500e-01
1.4768605e+09 -8.1926500e-01
1.4768605e+09 -8.1920000e-01
1.4768605e+09 -8.1908500e-01
1.4768605e+09 -8.1908500e-01
1.4768605e+09 -8.1903700e-01
1.4768605e+09 -8.1892000e-01
1.4768605e+09 -8.1892000e-01
1.4768605e+09 -8.1892000e-01
1.4768605e+09 -8.1880700e-01
1.4768605e+09 -8.1880700e-01
1.4768605e+09 -8.1876500e-01
1.4768605e+09 -8.1865700e-01
1.4768605e+09 -8.1865700e-01
1.4768605e+09 -8.1852200e-01
1.4768605e+09 -8.1845000e-01
1.4768605e+09 -8.1845000e-01
1.4768605e+09 -8.1830700e-01
1.4768605e+09 -8.1823500e-01
1.4768605e+09 -8.1823500e-01
1.4768605e+09 -8.1809000e-01
1.4768605e+09 -8.1802000e-01
1.4768605e+09 -8.1802000e-01
1.4768605e+09 -8.1787700e-01
1.4768605e+09 -8.1787700e-01
1.4768605e+09 -8.1780300e-01
1.4768605e+09 -8.1766300e-01
1.4768605e+09 -8.1766300e-01
1.4768605e+09 -8.1760000e-01
1.4768605e+09 -8.1743000e-01
1.4768605e+09 -8.1743000e-01
1.4768605e+09 -8.1743000e-01
1.4768605e+09 -8.1727500e-01
1.4768605e+09 -8.1727500e-01
1.4768605e+09 -8.1722300e-01
1.4768605e+09 -8.1712300e-01
1.4768605e+09 -8.1712300e-01
1.4768605e+09 -8.1702000e-01
1.4768605e+09 -8.1696800e-01
1.4768605e+09 -8.1696800e-01
1.4768605e+09 -8.1686000e-01
1.4768605e+09 -8.1680700e-01
1.4768605e+09 -8.1680700e-01
1.4768605e+09 -8.1669800e-01
1.4768605e+09 -8.1664300e-01
1.4768605e+09 -8.1664300e-01
1.4768605e+09 -8.1653800e-01
1.4768605e+09 -8.1648500e-01
1.4768605e+09 -8.1648500e-01
1.4768605e+09 -8.1636800e-01
1.4768606e+09 -8.1636800e-01
1.4768606e+09 -8.1630200e-01
1.4768606e+09 -8.1614500e-01
1.4768606e+09 -8.1614500e-01
1.4768606e+09 -8.1605800e-01
1.4768606e+09 -8.1575000e-01
1.4768606e+09 -8.1575000e-01
1.4768606e+09 -8.1564500e-01
1.4768606e+09 -8.1541800e-01
1.4768606e+09 -8.1541800e-01
1.4768606e+09 -8.1515200e-01
1.4768606e+09 -8.1501200e-01
1.4768606e+09 -8.1501200e-01
1.4768606e+09 -8.1473200e-01
1.4768606e+09 -8.1459000e-01
1.4768606e+09 -8.1459000e-01
1.4768606e+09 -8.1431700e-01
1.4768606e+09 -8.1418500e-01
1.4768606e+09 -8.1418500e-01
1.4768606e+09 -8.1393200e-01
1.4768606e+09 -8.1393200e-01
1.4768606e+09 -8.1381000e-01
1.4768606e+09 -8.1357000e-01
1.4768606e+09 -8.1357000e-01
1.4768606e+09 -8.1344800e-01
1.4768606e+09 -8.1310000e-01
1.4768606e+09 -8.1310000e-01
1.4768606e+09 -8.1310000e-01
1.4768606e+09 -8.1276700e-01
1.4768606e+09 -8.1276700e-01
1.4768606e+09 -8.1266000e-01
1.4768606e+09 -8.1244800e-01
1.4768606e+09 -8.1244800e-01
1.4768606e+09 -8.1223800e-01
1.4768606e+09 -8.1213500e-01
1.4768606e+09 -8.1213500e-01
1.4768606e+09 -8.1193000e-01
1.4768606e+09 -8.1182800e-01
1.4768606e+09 -8.1182800e-01
1.4768606e+09 -8.1162300e-01
1.4768606e+09 -8.1152500e-01
1.4768606e+09 -8.1152500e-01
1.4768606e+09 -8.1132800e-01
1.4768606e+09 -8.1123200e-01
1.4768606e+09 -8.1123200e-01
1.4768606e+09 -8.1103700e-01
1.4768606e+09 -8.1103700e-01
1.4768606e+09 -8.1094700e-01
1.4768606e+09 -8.1067500e-01
1.4768606e+09 -8.1067500e-01
1.4768606e+09 -8.1067500e-01
1.4768606e+09 -8.1042500e-01
1.4768606e+09 -8.1042500e-01
1.4768606e+09 -8.1035000e-01
1.4768606e+09 -8.1020500e-01
1.4768606e+09 -8.1020500e-01
1.4768606e+09 -8.1007300e-01
1.4768606e+09 -8.1001200e-01
1.4768606e+09 -8.1001200e-01
1.4768606e+09 -8.0985700e-01
1.4768606e+09 -8.0977300e-01
1.4768606e+09 -8.0977300e-01
1.4768606e+09 -8.0966200e-01
1.4768606e+09 -8.0961300e-01
1.4768606e+09 -8.0961300e-01
1.4768606e+09 -8.0950500e-01
1.4768606e+09 -8.0944300e-01
1.4768606e+09 -8.0944300e-01
1.4768606e+09 -8.0931300e-01
1.4768606e+09 -8.0931300e-01
1.4768606e+09 -8.0924800e-01
1.4768606e+09 -8.0910700e-01
1.4768606e+09 -8.0910700e-01
1.4768606e+09 -8.0903200e-01
1.4768606e+09 -8.0878700e-01
1.4768606e+09 -8.0878700e-01
1.4768606e+09 -8.0878700e-01
1.4768606e+09 -8.0850700e-01
1.4768606e+09 -8.0850700e-01
1.4768606e+09 -8.0840200e-01
1.4768606e+09 -8.0819000e-01
1.4768606e+09 -8.0819000e-01
1.4768606e+09 -8.0798000e-01
1.4768606e+09 -8.0787200e-01
1.4768606e+09 -8.0787200e-01
1.4768606e+09 -8.0766300e-01
1.4768606e+09 -8.0755800e-01
1.4768606e+09 -8.0755800e-01
1.4768606e+09 -8.0734300e-01
1.4768606e+09 -8.0724200e-01
1.4768606e+09 -8.0724200e-01
1.4768606e+09 -8.0703800e-01
1.4768606e+09 -8.0703800e-01
1.4768606e+09 -8.0694000e-01
1.4768606e+09 -8.0675300e-01
1.4768606e+09 -8.0675300e-01
1.4768607e+09 -8.0667000e-01
1.4768607e+09 -8.0639300e-01
1.4768607e+09 -8.0639300e-01
1.4768607e+09 -8.0628300e-01
1.4768607e+09 -8.0604500e-01
1.4768607e+09 -8.0604500e-01
1.4768607e+09 -8.0591800e-01
1.4768607e+09 -8.0566700e-01
1.4768607e+09 -8.0566700e-01
1.4768607e+09 -8.0542200e-01
1.4768607e+09 -8.0530300e-01
1.4768607e+09 -8.0530300e-01
1.4768607e+09 -8.0509700e-01
1.4768607e+09 -8.0499500e-01
1.4768607e+09 -8.0499500e-01
1.4768607e+09 -8.0479500e-01
1.4768607e+09 -8.0470500e-01
1.4768607e+09 -8.0470500e-01
1.4768607e+09 -8.0453700e-01
1.4768607e+09 -8.0445500e-01
1.4768607e+09 -8.0445500e-01
1.4768607e+09 -8.0430800e-01
1.4768607e+09 -8.0430800e-01
1.4768607e+09 -8.0425300e-01
1.4768607e+09 -8.0419300e-01
1.4768607e+09 -8.0419300e-01
1.4768607e+09 -8.0417700e-01
1.4768607e+09 -8.0416500e-01
1.4768607e+09 -8.0416500e-01
1.4768607e+09 -8.0416500e-01
1.4768607e+09 -8.0416500e-01
1.4768607e+09 -8.0416500e-01
1.4768607e+09 -8.0416500e-01
1.4768607e+09 -8.0416500e-01
1.4768607e+09 -8.0416500e-01
1.4768607e+09 -8.0414700e-01
1.4768607e+09 -8.0414200e-01
1.4768607e+09 -8.0414200e-01
1.4768607e+09 -8.0413000e-01
1.4768607e+09 -8.0413000e-01
1.4768607e+09 -8.0413000e-01
1.4768607e+09 -8.0413000e-01
1.4768607e+09 -8.0413000e-01
1.4768607e+09 -8.0413000e-01
1.4768607e+09 -8.0412700e-01
1.4768607e+09 -8.0412700e-01
1.4768607e+09 -8.0412700e-01
1.4768607e+09 -8.0412300e-01
1.4768607e+09 -8.0412300e-01
1.4768607e+09 -8.0412300e-01
1.4768607e+09 -8.0412500e-01
1.4768607e+09 -8.0412500e-01
1.4768607e+09 -8.0412500e-01
1.4768607e+09 -8.0412700e-01
1.4768607e+09 -8.0412700e-01
1.4768607e+09 -8.0412700e-01
1.4768607e+09 -8.0411800e-01
1.4768607e+09 -8.0411800e-01
1.4768607e+09 -8.0410000e-01
1.4768607e+09 -8.0409200e-01
1.4768607e+09 -8.0409200e-01
1.4768607e+09 -8.0406800e-01
1.4768607e+09 -8.0405500e-01
1.4768607e+09 -8.0405500e-01
1.4768607e+09 -8.0403200e-01
1.4768607e+09 -8.0401500e-01
1.4768607e+09 -8.0401500e-01
1.4768607e+09 -8.0397800e-01
1.4768607e+09 -8.0396200e-01
1.4768607e+09 -8.0396200e-01
1.4768607e+09 -8.0393000e-01
1.4768607e+09 -8.0393000e-01
1.4768607e+09 -8.0391300e-01
1.4768607e+09 -8.0386300e-01
1.4768607e+09 -8.0386300e-01
1.4768607e+09 -8.0386300e-01
1.4768607e+09 -8.0381300e-01
1.4768607e+09 -8.0381300e-01
1.4768607e+09 -8.0379800e-01
1.4768607e+09 -8.0380700e-01
1.4768607e+09 -8.0380700e-01
1.4768607e+09 -8.0390800e-01
1.4768607e+09 -8.0397800e-01
1.4768607e+09 -8.0397800e-01
1.4768607e+09 -8.0415300e-01
1.4768607e+09 -8.0425200e-01
1.4768607e+09 -8.0425200e-01
1.4768607e+09 -8.0446300e-01
1.4768607e+09 -8.0457800e-01
1.4768607e+09 -8.0457800e-01
1.4768607e+09 -8.0481300e-01
1.4768607e+09 -8.0493500e-01
1.4768607e+09 -8.0493500e-01
1.4768607e+09 -8.0517700e-01
1.4768607e+09 -8.0517700e-01
1.4768607e+09 -8.0530300e-01
1.4768608e+09 -8.0568000e-01
1.4768608e+09 -8.0568000e-01
1.4768608e+09 -8.0568000e-01
1.4768608e+09 -8.0605300e-01
1.4768608e+09 -8.0605300e-01
1.4768608e+09 -8.0617300e-01
1.4768608e+09 -8.0639700e-01
1.4768608e+09 -8.0639700e-01
1.4768608e+09 -8.0660000e-01
1.4768608e+09 -8.0670000e-01
1.4768608e+09 -8.0670000e-01
1.4768608e+09 -8.0688500e-01
1.4768608e+09 -8.0697500e-01
1.4768608e+09 -8.0697500e-01
1.4768608e+09 -8.0715700e-01
1.4768608e+09 -8.0724000e-01
1.4768608e+09 -8.0724000e-01
1.4768608e+09 -8.0736800e-01
1.4768608e+09 -8.0736800e-01
1.4768608e+09 -8.0740500e-01
1.4768608e+09 -8.0746700e-01
1.4768608e+09 -8.0746700e-01
1.4768608e+09 -8.0750500e-01
1.4768608e+09 -8.0764500e-01
1.4768608e+09 -8.0764500e-01
1.4768608e+09 -8.0764500e-01
1.4768608e+09 -8.0777700e-01
1.4768608e+09 -8.0777700e-01
1.4768608e+09 -8.0781700e-01
1.4768608e+09 -8.0788000e-01
1.4768608e+09 -8.0788000e-01
1.4768608e+09 -8.0789300e-01
1.4768608e+09 -8.0789000e-01
1.4768608e+09 -8.0789000e-01
1.4768608e+09 -8.0789000e-01
1.4768608e+09 -8.0789000e-01
1.4768608e+09 -8.0789000e-01
1.4768608e+09 -8.0788800e-01
1.4768608e+09 -8.0788800e-01
1.4768608e+09 -8.0788800e-01
1.4768608e+09 -8.0788700e-01
1.4768608e+09 -8.0788500e-01
1.4768608e+09 -8.0788500e-01
1.4768608e+09 -8.0788500e-01
1.4768608e+09 -8.0788500e-01
1.4768608e+09 -8.0788500e-01
1.4768608e+09 -8.0788500e-01
1.4768608e+09 -8.0788500e-01
1.4768608e+09 -8.0788500e-01
1.4768608e+09 -8.0788500e-01
1.4768608e+09 -8.0788500e-01
1.4768608e+09 -8.0788500e-01
