2699 2
-0.8267974000  -3.1801151000
3.6200200000  -0.6305304700
2.1969778000  -0.6864032200
2.3293799000  2.6712501000
2.6464556000  2.6194990000
3.0358619000  -0.2357684300
-1.0242944000  -2.8837570000
-0.9600066100  -2.8420523000
-2.8624683000  -1.7202378000
-1.3107003000  -1.5114158000
2.6775291000  0.0227364780
-2.4459819000  -1.7918089000
-0.3203574700  -1.1562909000
2.2103843000  -1.3073418000
0.8554412900  3.0350342000
4.1970876000  -1.7641919000
-2.1452995000  -1.4465543000
3.6180148000  -1.9907242000
3.5374114000  -1.5892804000
0.0875499200  -2.7289916000
1.5144904000  2.6691954000
1.0409210000  1.4904899000
-1.1676803000  -1.0307482000
-1.3914860000  -2.1439776000
4.2381455000  -1.5234631000
2.7974961000  -0.1297898900
1.5975442000  2.6576822000
-2.6043863000  -2.3060895000
4.2450741000  -0.9205954800
2.2919781000  3.7223208000
0.4899862800  -2.6465468000
2.5493563000  2.4471345000
-0.1021899500  -2.8017885000
2.5828800000  3.5588139000
-0.7482010000  -2.8822159000
2.1554139000  3.0891481000
-0.8137514200  -2.6815557000
-2.7005914000  -2.3432328000
-1.0373023000  -2.1148828000
1.7552986000  0.8520379500
-2.6187877000  -2.7417340000
1.5223835000  2.8280471000
4.5530073000  -1.6462105000
4.1507302000  -0.8477736000
4.3443007000  -0.1291810800
2.3958244000  2.3111683000
2.6351833000  -0.5746804800
1.9183970000  2.7593711000
2.3555540000  -1.3974926000
4.5372001000  -1.8339684000
2.0139587000  1.7317628000
0.0513454550  -1.6440625000
1.0361641000  3.4912460000
-0.8208725500  -1.5404641000
4.1424578000  -0.7172638300
4.8209533000  -1.1689681000
2.8961072000  -1.5268715000
1.1228536000  1.4332904000
1.5526178000  1.7965205000
4.8208792000  -0.4810862600
2.1598421000  0.9221611300
-2.0070397000  -2.0493654000
4.3148879000  -1.4304333000
2.8499910000  -0.5422770900
4.0262171000  -0.3290407700
2.8181126000  3.1701829000
0.8380956200  2.2105178000
-2.7909731000  -1.4021355000
-1.1971307000  -0.9562792200
-2.8765031000  -2.2870457000
1.7945784000  1.1141871000
2.3665395000  2.5411887000
2.7212985000  -0.4920560200
2.4833309000  2.0556127000
1.5466418000  2.8833079000
-1.5788976000  -1.4430848000
-0.4003678900  -1.5789325000
-0.5549950600  -2.3954273000
4.2045906000  -1.8996843000
1.1724168000  1.2525647000
3.9995226000  0.1334547000
0.5887019400  -1.9874979000
3.9024084000  -1.7301857000
3.0064511000  -0.6649431900
2.4880925000  -1.7439654000
4.2401981000  -0.0222385850
2.6709722000  -0.7082151200
1.5789760000  2.6153966000
2.4163525000  2.6563900000
3.3299731000  -1.1943045000
-1.5255219000  -1.5119460000
2.4900220000  1.2340894000
2.5305438000  -1.9521918000
3.7389912000  -1.7171812000
-0.4845108500  -2.0298055000
3.6708723000  -0.2402898400
2.3009062000  2.9769760000
1.5517475000  1.4572464000
1.1862742000  3.0528172000
-1.7570862000  -2.9054308000
0.7622285200  -2.0951844000
-1.0301631000  -1.7591485000
-1.3394836000  -1.7586235000
2.3662544000  2.2635715000
2.2443131000  2.2765884000
1.5338355000  2.1706146000
4.2137449000  -1.5532446000
-0.2069419700  -2.2282712000
4.2841283000  -1.5497535000
1.1542668000  3.5491049000
-0.2828210800  -2.0773964000
2.6708231000  -0.1486517000
-1.7533164000  -1.2150625000
2.9571453000  -0.3777925800
3.9678751000  -2.0309943000
1.3881148000  2.9693813000
2.3738797000  -0.8826789700
1.7356033000  2.8761364000
3.8816166000  -1.1580128000
-2.0084407000  -1.4594023000
2.8756876000  -0.0886897230
4.3312728000  -1.3644895000
0.1991466700  -1.9177888000
0.9835932900  1.3752014000
2.7933976000  -1.1444642000
2.8897001000  -0.2018130000
1.5552275000  2.2375729000
-1.0856013000  -3.2915387000
-0.9357621800  -1.4668418000
-1.9780745000  -0.9173776300
2.4327384000  0.9645270400
3.3288358000  -1.7004577000
-1.0690676000  -1.1250366000
-1.8327570000  -1.6167779000
-1.2651317000  -3.3283458000
3.1053639000  0.1554326300
-0.5853671800  -1.4106406000
4.7699592000  -0.3267870200
1.2253172000  1.2982845000
0.7538798800  3.0625404000
2.2867287000  -0.2550407700
3.1163455000  -0.5569047000
0.1549334300  -1.8664247000
-2.1077873000  -1.9098098000
-0.5152124300  -2.7683087000
-0.8683139200  -2.8374413000
0.1633420600  -1.2383097000
3.3310731000  -2.1927087000
-1.7575614000  -0.8852805400
4.1253724000  0.1190304700
2.9820122000  -1.6096431000
1.2677321000  3.6100489000
-0.0944133950  -3.0405978000
0.9160877200  2.2040045000
-0.2596068300  -2.5218041000
1.2025827000  1.4099894000
3.6895251000  -1.7690748000
2.2425533000  2.1773612000
0.3494962200  -1.5261589000
0.2263709600  -1.4987952000
-2.7857837000  -2.1639720000
2.0144378000  -1.4065767000
4.1305619000  -0.4810518200
2.0979783000  1.4798076000
0.5987859500  2.2203014000
2.7191348000  3.1485117000
2.4057299000  1.7868681000
-2.6263621000  -2.3134563000
0.4714599800  -2.5372148000
3.4245993000  -0.4398119400
0.6183247500  2.1080603000
-1.8573784000  -1.6170046000
-1.5327587000  -2.0666660000
1.5941705000  0.7813446600
3.8570351000  -0.1081194500
3.9277406000  -1.5116977000
-0.9193828500  -2.7385486000
1.0738391000  0.9155382500
1.8984491000  1.7876557000
-2.3597164000  -2.0360548000
-2.8059315000  -2.1349260000
1.4101598000  1.0499190000
-1.3798711000  -1.7169674000
-2.4855249000  -2.4869889000
4.7878570000  -0.6911965700
2.9401222000  -1.3111767000
3.8810848000  -1.9248254000
2.7455857000  1.7479236000
3.0561885000  -0.6909435400
4.6433689000  -1.3253401000
-0.8712323700  -1.5597131000
4.5736382000  -1.7991222000
-2.2360027000  -2.3664623000
1.8579946000  1.9682231000
-1.1863185000  -2.6157573000
3.8008778000  -1.6808052000
-0.1927379600  -2.4615688000
0.7669160500  2.9840773000
2.5576554000  3.5533840000
-1.2527472000  -1.1251713000
0.2197963900  -2.3621292000
1.2599186000  2.4766157000
1.5973446000  2.3749120000
1.2007168000  1.1324822000
-1.3915459000  -2.7364043000
1.0679899000  3.5660229000
0.8814547900  3.0190332000
1.0815504000  2.2143837000
3.7479254000  -0.2608961300
1.0921266000  3.5734466000
1.7240808000  1.4111012000
2.5497437000  -0.8768372600
3.1200434000  -0.4908992900
-1.9074323000  -0.9223194200
2.2132729000  3.6940873000
1.1553493000  1.8822000000
4.5185730000  -0.9209580300
1.3777424000  2.2178436000
1.2275541000  1.4511488000
2.1468846000  2.2468159000
2.6874664000  -0.4989497500
1.9034882000  1.8429865000
1.0000453000  1.4978901000
2.2556012000  -0.8566822900
-1.9631272000  -2.9234027000
-0.7226207500  -1.1840722000
0.5654227200  -2.5655362000
4.0272194000  -0.1755851800
2.6048331000  -1.0193990000
2.9127721000  0.0399461170
-2.3632662000  -1.7372073000
-1.6144947000  -2.8457218000
-1.0038432000  -1.9617380000
1.2631633000  1.7126398000
0.3813759900  -2.5578154000
-1.8634112000  -1.7378958000
-0.1605311300  -2.9133780000
1.2442842000  3.4978865000
1.3442720000  3.0587131000
-2.1359441000  -2.9188772000
3.2273536000  -0.9703923900
-1.0527988000  -0.7172253700
2.5596561000  -0.2923434800
-1.8134790000  -0.9533305900
0.8888004400  2.4857895000
1.0351425000  2.5695868000
-0.7119010900  -2.5081442000
1.8667311000  3.6095478000
1.8236036000  2.4237090000
-2.0975445000  -1.3025885000
4.6409257000  -1.6275228000
4.5371416000  -0.3510099100
-1.3387168000  -0.7917975800
-2.5983390000  -2.3234883000
2.7734723000  -1.5408454000
1.0482642000  1.3795454000
0.6209069500  2.4292485000
4.0935136000  -1.4764926000
1.3123225000  3.5470608000
3.8963449000  -1.0779949000
1.3634290000  3.2461679000
-0.4978202500  -1.0102626000
-1.5831171000  -1.4638785000
2.4649498000  2.6172620000
-1.8058506000  -1.3441701000
1.6669283000  2.8020708000
-1.5857365000  -0.7643780600
1.6351487000  2.6000633000
-0.4696690200  -2.2565347000
-1.1213878000  -1.4432827000
4.6604502000  -0.1831875200
4.5850381000  -0.6785809300
-2.0678594000  -3.0920255000
0.5181215100  -1.7959574000
0.2430400500  -2.4428648000
-2.2427206000  -2.9089430000
-1.4812669000  -1.3945100000
2.7943015000  1.3335255000
0.0155046570  -2.1819656000
4.8887072000  -1.3083077000
2.1664496000  2.1478868000
-2.8145620000  -1.6962759000
2.2366608000  0.8863773600
1.1411204000  1.5109915000
-0.7140351300  -1.6059991000
1.4969446000  3.2672995000
-1.8780303000  -0.9414192500
4.6910542000  -1.1080160000
2.5506766000  -0.4874868900
-2.3542649000  -2.9877896000
-1.7318217000  -2.3869018000
0.9343519000  2.6807583000
2.1648035000  -1.3339320000
2.0256286000  -0.7742844700
0.6523045100  -2.1929755000
-0.4497554900  -2.3908947000
3.6455278000  -1.6074596000
3.8299258000  -0.4833548600
2.2421908000  0.9027932500
-0.5394179400  -2.7824795000
2.9208722000  2.9350100000
-1.3684062000  -2.8892954000
-2.3467052000  -1.1644685000
-1.6306444000  -2.5839818000
-0.9670129000  -0.8055986800
3.0278620000  -1.9024334000
2.5327519000  -1.1335612000
-2.4283541000  -2.4245086000
1.0880616000  2.2037294000
-2.2157148000  -1.8724687000
3.1541465000  -2.0513900000
-2.0286847000  -2.8914736000
3.9049409000  -0.4231368100
-1.2465696000  -1.5918598000
2.0336734000  1.8250600000
2.5730232000  2.6631819000
1.0361953000  2.7875134000
-0.0958159300  -1.2646725000
-2.6337023000  -1.2999560000
-0.5244491600  -1.5246628000
1.8470321000  1.8970569000
1.5213761000  2.2525723000
-1.7579130000  -2.7120483000
2.3096573000  1.2726937000
0.4560179200  -2.6248906000
4.4885800000  -1.3996535000
1.9964402000  3.7328616000
5.0245538000  -1.2634027000
3.9437375000  -0.2721040700
2.7454382000  1.3668806000
2.1563170000  3.2400106000
-1.0342764000  -2.9466415000
1.0887934000  1.4846005000
1.4011780000  1.5465217000
1.1701020000  3.4376243000
1.3192855000  3.3605349000
-1.9843166000  -2.1533621000
3.4256664000  -0.3997076500
2.4212446000  2.7960428000
2.1928001000  -1.4578450000
-2.5572713000  -2.2339616000
1.7056495000  2.0900720000
1.7538334000  3.6195190000
2.8509185000  2.7937489000
5.0553919000  -1.0715588000
3.6175885000  -1.7405190000
-0.1342697500  -1.8560743000
4.1482453000  -0.3728272600
-1.2196063000  -3.0971620000
2.4751096000  1.2517400000
4.4889830000  -1.6231441000
4.5566506000  -0.9437101500
0.6149477900  -1.6760662000
-2.7893914000  -2.5073326000
-1.4441968000  -3.1667980000
-1.9288515000  -1.3761309000
3.9418174000  -0.2163528200
-2.2213232000  -1.1086187000
2.1752976000  -1.3001661000
2.2469447000  -0.5611840100
2.1552689000  2.9318937000
-2.3747915000  -2.8206324000
2.4540177000  1.1140609000
1.8464953000  3.6934572000
3.5899441000  -1.4899887000
1.2664222000  1.0154089000
4.3477412000  -1.6078235000
0.8482571900  2.8584572000
4.2773380000  -1.5187420000
2.8615514000  -0.5790026300
-0.6703222100  -1.3734975000
-2.3161026000  -2.8546616000
3.0617573000  -1.3339319000
4.7011209000  -1.6663006000
-2.5858896000  -1.4285926000
2.2167695000  1.7503940000
1.1265448000  3.6048870000
1.3350087000  1.4989148000
3.9695769000  -1.4114873000
2.6681840000  1.9496981000
3.4980054000  -2.1019963000
2.0730485000  -1.0979715000
1.4476590000  1.7811076000
-0.4181605300  -1.1495685000
0.1170057500  -1.3712159000
4.8973937000  -0.4998206700
1.9061796000  3.4075835000
1.2285243000  1.4383127000
2.5385219000  -1.5905751000
-2.8318931000  -1.9558169000
0.7947020000  1.5618031000
-0.0333030370  -1.4323949000
3.4548852000  -1.7329006000
-0.9546322200  -3.0517562000
1.7819126000  2.8649356000
0.8054304600  1.8766698000
-2.3538185000  -2.7564851000
-0.7757321500  -1.1946676000
4.3540053000  -1.2545486000
3.2191820000  -0.6078012300
0.1539474600  -2.8338640000
-2.2674777000  -1.2632111000
3.4877939000  -0.7728114600
-1.7430067000  -1.2633894000
-1.4777140000  -1.1345071000
1.2628397000  3.5551048000
-0.2840217100  -2.9472759000
4.3863897000  -0.7016865400
2.6097646000  1.2618720000
1.8387165000  2.7270238000
1.1910197000  1.7428084000
4.2575799000  -0.5895027400
3.9967700000  -1.9500141000
0.3350254300  -2.5061206000
0.4034779900  -1.7300882000
4.4969205000  -1.4790591000
-2.6093012000  -1.9063930000
3.9862619000  -1.8771813000
-2.0914569000  -1.8088200000
-0.4442298800  -2.4725724000
-0.1542472600  -2.2772325000
2.4107403000  2.9751282000
-0.6745394100  -2.2462648000
2.3577175000  -0.2495908900
2.7094122000  -0.5205503500
-2.4074130000  -2.3543565000
2.5929285000  2.6742366000
4.9908480000  -1.1486259000
-1.4488938000  -1.0332160000
2.7848619000  -1.3288415000
2.4874525000  -1.1399634000
0.8213391000  3.1034280000
3.5716919000  -1.2589564000
3.4744654000  -0.3656030500
3.2486060000  -0.0675894370
3.5758218000  -0.8533549200
-1.1224132000  -2.2948393000
-2.3167011000  -1.9338299000
2.0245918000  1.6265632000
1.5396076000  2.5558374000
0.9845135800  1.2503895000
4.3508626000  -1.2157826000
2.9337480000  2.1017090000
2.5883190000  -1.5629138000
1.9604049000  -1.0748499000
5.0206123000  -1.0236961000
1.7448233000  2.7146549000
4.4597448000  -1.6900291000
3.8029075000  -1.8354442000
-0.1922365400  -2.0685925000
-1.8814569000  -1.9638281000
0.6592736800  -1.7794571000
4.1660989000  -1.2357693000
2.5589608000  -0.8998024500
1.0524004000  2.1265369000
0.7521631200  1.7336678000
2.9891801000  -2.0731344000
-0.4886800200  -2.3869716000
1.8882362000  2.0222212000
1.6904524000  1.9297040000
3.8918388000  0.0626312910
4.3360276000  -0.8455021800
4.8824162000  -1.2573121000
2.3521703000  3.5422150000
4.2103491000  -0.1916831800
1.0308000000  3.4698228000
4.5448563000  -0.4841355300
3.8895259000  -0.6159096800
1.0504400000  3.3961628000
1.9974817000  1.5080759000
1.7372869000  1.4578369000
2.8424354000  -0.9182228500
4.9440988000  -1.2946194000
1.4257810000  1.8740488000
1.0028089000  1.4766081000
2.1861767000  2.4992231000
3.9963120000  -2.1596750000
2.1174243000  -1.5285950000
2.3210305000  -0.4820683700
1.1425020000  2.9212767000
1.1803884000  1.6002297000
4.8006048000  -0.9615255800
4.2779490000  -0.3907310300
0.0171859450  -1.6734858000
1.3942550000  1.7034037000
1.2041640000  3.4138143000
2.1169793000  3.9694252000
0.6019707100  -1.5190324000
2.8203948000  2.7919622000
-0.5037160200  -1.3209220000
0.3540517500  -1.5407622000
2.0453988000  1.4630955000
4.9038242000  -1.0959204000
2.0397249000  1.5845056000
2.3113812000  1.7533278000
-1.1939216000  -2.7157926000
4.6159108000  -0.5098322700
0.9039972100  3.4472971000
2.5736086000  -0.8719762300
-2.0150898000  -1.7046485000
3.9833434000  -0.5359462300
2.8854423000  -1.2325095000
4.5900390000  -0.1819141400
-1.2347815000  -2.3830806000
0.1594244400  -1.8449598000
3.0948234000  0.1467975900
1.3570358000  1.1583823000
0.8501823200  1.3535286000
-1.8288163000  -1.5609866000
-2.2365723000  -2.7751613000
2.4124880000  3.6277021000
-0.3005502100  -1.3087722000
-0.6582197200  -2.0005577000
3.7254589000  0.1595808600
0.8605366300  1.4238891000
2.4427145000  3.2790809000
2.0761530000  2.1587253000
3.8194427000  0.1583783000
4.7186543000  -1.6101109000
2.1694759000  1.1704758000
2.5910986000  3.4596205000
4.5052069000  -1.4744863000
1.5463924000  2.3838876000
-0.3489583300  -2.5394644000
4.4102797000  -0.7964519500
1.1572421000  1.2436808000
-1.7482326000  -1.1723330000
0.0358804320  -1.5455572000
2.2075484000  -1.1117163000
-1.4012291000  -1.3535796000
-1.2145034000  -1.4672773000
-0.8144755100  -2.2669925000
-1.5476656000  -3.2201853000
-2.1393806000  -1.2428349000
-0.8347499200  -1.6039608000
-1.2180092000  -2.2445373000
3.0730533000  -2.1656134000
1.1139560000  1.2311470000
1.9921969000  2.5001025000
4.3063453000  0.0344211520
0.1394129600  -2.5565855000
2.0731677000  2.1981715000
1.8011616000  3.8694795000
2.1958311000  1.9124777000
-2.2158467000  -2.2711573000
3.3520438000  -1.0706212000
-1.0946183000  -1.0527632000
-1.1018193000  -0.7052772900
2.1420247000  2.4120636000
2.7924842000  2.1323465000
-1.2082731000  -0.7157542600
3.9965927000  -1.4336164000
3.3918863000  -2.0513349000
2.4447770000  1.4948187000
-0.9274110400  -0.7412157500
3.6429464000  -0.3263100100
3.2275606000  -0.0290506100
-0.1208266600  -1.6428747000
3.3159285000  -0.7509435500
2.1414081000  -0.6666742000
2.8117557000  -1.6663430000
-1.0750581000  -1.1796911000
1.1685988000  0.8338129500
-1.1930780000  -1.0573632000
-1.8407617000  -2.3617639000
3.6710350000  -0.6156337100
0.0596462950  -2.2138952000
3.1761325000  -1.9061942000
2.4515006000  -0.6472609300
5.0380879000  -1.1745625000
-0.5062919100  -1.2545672000
-2.0388765000  -1.7212354000
3.7798134000  -0.7999285500
3.8541890000  -0.2742383900
-1.1700439000  -1.5325870000
2.7895559000  2.8334984000
-0.0485274020  -3.1007245000
-1.8944520000  -2.8902671000
-1.0060556000  -0.8592949800
2.8839539000  -1.5294891000
1.6149852000  1.3349881000
2.4777335000  -1.0958886000
-1.8270996000  -3.0298447000
1.0567343000  2.3255882000
-2.7356089000  -1.5719412000
1.1144975000  1.4122346000
3.3996501000  -1.5990677000
3.7633009000  -1.6819829000
2.9872575000  -0.5233868400
2.7435958000  -1.8595754000
3.9466613000  -1.6271130000
1.6987287000  3.9249671000
3.1925711000  -1.5824126000
-0.6004990800  -2.8376393000
1.9901517000  -1.2727012000
-2.1625408000  -3.0907978000
1.4604625000  3.6519513000
3.4642163000  -0.6545283500
3.0132711000  -0.4085604800
-2.2019948000  -2.9378765000
3.1888037000  -1.3774692000
-1.2013506000  -2.9145188000
-2.2964068000  -2.1909177000
-2.2831342000  -1.7594374000
-0.8549941400  -2.9285806000
-2.2219449000  -2.7504371000
4.6012045000  -1.2581993000
2.0860943000  0.9381382500
3.7955849000  -1.8337803000
-1.1998543000  -0.7425799500
1.4902853000  3.4381060000
1.9607552000  0.9795487400
1.7514888000  1.3018226000
3.5874664000  -0.0381131730
2.1145280000  3.7025851000
4.2878490000  -0.1915224500
4.5569435000  -0.4271082400
1.4484735000  1.2447479000
-0.8137122700  -2.7467095000
4.9162871000  -0.7196494600
-1.5948899000  -1.3234390000
3.9088421000  -0.9167496300
2.8052936000  2.7357185000
3.5773913000  -0.4747511500
-1.7935313000  -1.6144739000
2.9973414000  -0.5650200800
1.7673551000  3.7577925000
-1.6835126000  -0.9808158700
-0.6352615700  -2.4627551000
1.7779535000  0.5972157800
0.0379921770  -2.3147085000
3.3578244000  -0.1814989700
-0.1175834600  -0.9690801800
2.0420559000  -0.8819708600
-1.3767118000  -3.2141327000
-1.5575726000  -1.3850902000
1.3203313000  3.6038165000
2.6795494000  1.3122208000
-2.3224647000  -2.1095093000
3.4930456000  -1.8233708000
-2.4780904000  -2.1418880000
2.8745329000  -1.1061587000
2.7155956000  1.9818957000
3.5302399000  -2.0953307000
0.1469534000  -2.4103194000
3.6552273000  -0.6009787500
1.1030481000  1.1792570000
0.6621712400  -2.3287477000
1.5023400000  2.3977576000
0.8722095100  1.6996615000
-1.4938709000  -1.6007979000
2.4855023000  -1.2361968000
3.7882758000  -1.5775652000
3.7165523000  -0.3170742000
4.6963231000  -1.5044022000
2.8344824000  2.7937887000
0.3353661800  -1.7052782000
1.0716954000  3.4743472000
4.3840605000  -1.0712858000
2.9608589000  1.9813105000
2.3092745000  -1.7697336000
1.3919204000  3.1310776000
1.4050495000  1.5741050000
3.5030080000  -0.3004172800
1.0211771000  3.2978528000
0.9900107000  3.4254265000
-1.9071422000  -1.1445806000
-2.5288357000  -1.3827790000
2.2292789000  -0.6601903300
-1.8739661000  -1.2980755000
3.8166240000  -1.1563269000
2.5427569000  2.8807112000
-1.7192836000  -2.3192364000
2.9682480000  -2.0770078000
0.7374379400  1.7521888000
1.7959629000  3.8534925000
2.9576640000  -1.0710451000
-1.6404520000  -1.6840385000
1.9766308000  -0.9192799000
3.1639498000  -0.4587484500
1.3396392000  3.1605570000
1.5181102000  0.8819900500
1.6504402000  1.5277050000
-0.7508204800  -2.6716384000
-0.5870586400  -2.6938514000
1.3992547000  2.0126716000
1.2301608000  1.8654808000
0.6195782900  -1.8909354000
2.4234614000  -0.8287722800
2.5391925000  3.6364039000
-1.6862226000  -1.1728196000
2.3710368000  -0.5035844900
4.6605314000  -0.5851463400
2.0437296000  1.5109855000
1.3084998000  3.3403534000
-0.6367844300  -1.2045652000
1.7383208000  2.6514127000
-2.7232848000  -1.7948034000
-0.6102394400  -0.7632434500
1.4747219000  3.9050908000
3.4415750000  -0.2552360600
1.5968142000  2.5984594000
-0.6685154900  -1.9368114000
2.7980501000  1.5967990000
-1.3380639000  -1.8111966000
0.8307900400  1.9393034000
2.7135427000  -1.3879273000
2.8778304000  2.6529182000
1.1118509000  2.6610314000
3.8477741000  -1.3963698000
1.7678973000  2.9536402000
2.0288661000  1.9914856000
4.6995810000  -1.1553291000
-0.7049622300  -2.6916693000
4.1166557000  -1.9733905000
3.3383925000  -0.5414089200
4.1858321000  -0.6420288600
1.6761640000  2.2786748000
2.7505519000  -1.5176786000
1.8777955000  3.5258248000
-2.1152544000  -3.0597310000
4.3556865000  -1.8217192000
1.8806920000  1.0482158000
2.6122096000  2.4213668000
2.7752830000  2.9072893000
-0.5853341300  -1.1332349000
2.6442044000  2.0354533000
0.7360871700  1.6582028000
2.8038186000  2.1130725000
1.2560958000  2.9933045000
3.8716113000  -0.0815199460
2.7665804000  -1.7721374000
-1.7025541000  -2.5381376000
0.8864384600  2.5318576000
-0.0884777120  -2.5107717000
3.0232079000  0.0712920200
3.9480011000  -1.0821096000
2.6686931000  -1.2780467000
1.8323246000  1.6457886000
0.1160625300  -2.9296326000
-1.0909000000  -1.0895132000
2.0705141000  3.9384609000
2.3809574000  1.3087436000
-1.3379114000  -2.3160289000
2.6087686000  -0.4815714300
4.2364339000  -1.5723194000
1.1667553000  3.1526270000
-0.8148944900  -2.0174985000
3.0853242000  -1.5980001000
4.2796320000  -0.5068135300
-0.8808605100  -1.2358734000
-1.1615215000  -0.8831369700
-0.9806754000  -1.7799577000
-1.3432883000  -3.0960461000
3.3186608000  0.0603291050
1.9983113000  1.7762475000
1.7187782000  2.5745992000
-0.0078223067  -0.9636981900
4.8466482000  -1.1199158000
4.0107590000  -0.5093741300
2.0304239000  -1.2987518000
1.7817200000  2.5083957000
4.0149995000  -1.0064881000
-0.9806398900  -1.2326634000
3.6893957000  -1.1419410000
2.5360378000  -1.1752335000
4.5698083000  -1.8210913000
2.4082169000  -1.1375515000
-1.2988242000  -1.2868301000
4.1260557000  -1.7248541000
2.1911977000  1.9236041000
0.7871122200  2.4764543000
2.4219919000  3.6617881000
3.4432899000  -1.4330986000
-0.0189576430  -1.9285476000
1.4133740000  2.7467456000
-1.7862788000  -0.8388611400
1.8899883000  2.3542247000
1.0417747000  2.3281801000
1.2251575000  2.9673760000
-1.7989900000  -3.1994970000
1.6802499000  1.8311188000
4.0287140000  -0.6441816500
3.9567741000  -0.8273411900
-0.6096250300  -1.1401092000
1.8473342000  1.8362565000
1.9532036000  2.2999475000
-1.3188606000  -2.1191974000
1.3656540000  1.7628455000
4.7291954000  -0.2521569800
4.3720033000  -1.9804352000
3.9870582000  -0.8719037300
-1.0643069000  -1.0132380000
3.5174070000  -0.5228172400
2.6661433000  1.0832481000
3.7990371000  -1.8499196000
3.5040320000  0.2193185600
1.8620539000  1.2412616000
-0.9366772500  -2.9855684000
4.3033064000  -1.8925676000
-2.5060906000  -1.8772162000
2.6668971000  2.4975068000
-2.3371753000  -2.1534551000
1.4641121000  0.7779428100
0.6937297100  2.4797695000
0.7231175400  2.0987468000
1.8446918000  1.6255694000
-1.1219229000  -2.9105078000
2.3458780000  3.4016957000
0.4376666900  -2.6306971000
2.9397248000  0.0755593450
3.0852850000  -1.3234104000
4.4117177000  -0.4565680100
3.9365210000  -0.2454915800
2.7615536000  -0.7221707000
2.9299329000  -1.3469281000
0.9811325300  1.5816899000
2.4193949000  2.1522993000
4.2848753000  -0.0411707190
0.7112392200  1.9049553000
1.8281886000  3.9372982000
3.6382119000  -0.9712350400
0.1705677000  -1.7946233000
1.1057132000  2.4495533000
0.8178122600  3.2649530000
-1.8790087000  -1.8329630000
4.0732966000  -0.7201592300
1.5007057000  1.6463543000
-0.8528967800  -1.8706846000
-1.7846193000  -1.8119991000
-1.8412074000  -1.2648068000
0.6741097500  2.0627107000
0.2911670100  -2.2309956000
3.1913257000  -0.6091159600
2.9281523000  -1.8814101000
0.0303295740  -2.6723246000
4.0735248000  -1.8416446000
0.7424597000  2.1718294000
-0.1596363000  -2.3411152000
1.5389576000  2.2278067000
-2.0010975000  -1.1205944000
0.3982735300  -1.7284850000
-1.4507685000  -2.8062035000
-0.5660449300  -1.3187611000
2.1681716000  3.2283081000
4.5969941000  -1.7154974000
2.1932995000  3.8574334000
1.0622394000  2.7963283000
-2.0883665000  -1.9362161000
2.6165994000  3.2122010000
3.0267951000  -2.0236219000
4.6890320000  -0.4581962300
2.1820144000  2.9241844000
2.4631396000  -1.4361795000
4.1512880000  -0.8660581800
1.1332505000  3.2193265000
-2.1729682000  -2.6961346000
-2.3421545000  -1.9231762000
4.2879280000  -0.9341145100
0.2403279200  -2.2224073000
1.2578347000  3.5859890000
-1.3795364000  -1.2373285000
-0.7466357000  -2.5690911000
1.5778103000  1.7338620000
-0.4213992600  -1.1647696000
-0.2659988900  -2.6026452000
3.5104803000  -0.6327714200
1.0670746000  2.4757940000
2.1787561000  3.8380075000
1.2576068000  2.5325603000
3.7705301000  -1.7347745000
1.7031726000  3.8344824000
-1.3598746000  -0.9051788700
2.0068475000  3.2512986000
-0.4225023900  -0.8764052800
1.7463865000  2.9248848000
-1.8888960000  -0.9909811300
-0.5137200900  -3.0377464000
2.5227842000  2.7890222000
0.6722849300  1.6942436000
2.7278198000  -0.8558606200
0.1293027900  -2.2595130000
-0.1207044500  -2.7445352000
3.9880824000  -1.6436541000
-2.1132343000  -1.7313761000
2.9337381000  -1.6641652000
2.6514678000  3.3087859000
0.3638583500  -2.0465138000
2.2045056000  -0.7763022500
-1.1126038000  -2.6901594000
1.6328498000  2.8035492000
2.3491525000  -0.7622699000
1.7490160000  3.6686672000
1.2711436000  1.1518750000
2.4066703000  -0.1812892900
3.6814249000  -1.8328786000
4.2611753000  -1.7911836000
2.4462905000  -0.3397205700
1.1750034000  0.8338031600
1.3419471000  1.8427768000
-0.8267974000  -3.1801151000
3.6200200000  -0.6305304700
2.1969778000  -0.6864032200
2.3293799000  2.6712501000
2.6464556000  2.6194990000
3.0358619000  -0.2357684300
-1.0242944000  -2.8837570000
-0.9600066100  -2.8420523000
-2.8624683000  -1.7202378000
-1.3107003000  -1.5114158000
2.6775291000  0.0227364780
-2.4459819000  -1.7918089000
-0.3203574700  -1.1562909000
2.2103843000  -1.3073418000
0.8554412900  3.0350342000
4.1970876000  -1.7641919000
-2.1452995000  -1.4465543000
3.6180148000  -1.9907242000
3.5374114000  -1.5892804000
0.0875499200  -2.7289916000
1.5144904000  2.6691954000
1.0409210000  1.4904899000
-1.1676803000  -1.0307482000
-1.3914860000  -2.1439776000
4.2381455000  -1.5234631000
2.7974961000  -0.1297898900
1.5975442000  2.6576822000
-2.6043863000  -2.3060895000
4.2450741000  -0.9205954800
2.2919781000  3.7223208000
0.4899862800  -2.6465468000
2.5493563000  2.4471345000
-0.1021899500  -2.8017885000
2.5828800000  3.5588139000
-0.7482010000  -2.8822159000
2.1554139000  3.0891481000
-0.8137514200  -2.6815557000
-2.7005914000  -2.3432328000
-1.0373023000  -2.1148828000
1.7552986000  0.8520379500
-2.6187877000  -2.7417340000
1.5223835000  2.8280471000
4.5530073000  -1.6462105000
4.1507302000  -0.8477736000
4.3443007000  -0.1291810800
2.3958244000  2.3111683000
2.6351833000  -0.5746804800
1.9183970000  2.7593711000
2.3555540000  -1.3974926000
4.5372001000  -1.8339684000
2.0139587000  1.7317628000
0.0513454550  -1.6440625000
1.0361641000  3.4912460000
-0.8208725500  -1.5404641000
4.1424578000  -0.7172638300
4.8209533000  -1.1689681000
2.8961072000  -1.5268715000
1.1228536000  1.4332904000
1.5526178000  1.7965205000
4.8208792000  -0.4810862600
2.1598421000  0.9221611300
-2.0070397000  -2.0493654000
4.3148879000  -1.4304333000
2.8499910000  -0.5422770900
4.0262171000  -0.3290407700
2.8181126000  3.1701829000
0.8380956200  2.2105178000
-2.7909731000  -1.4021355000
-1.1971307000  -0.9562792200
-2.8765031000  -2.2870457000
1.7945784000  1.1141871000
2.3665395000  2.5411887000
2.7212985000  -0.4920560200
2.4833309000  2.0556127000
1.5466418000  2.8833079000
-1.5788976000  -1.4430848000
-0.4003678900  -1.5789325000
-0.5549950600  -2.3954273000
4.2045906000  -1.8996843000
1.1724168000  1.2525647000
3.9995226000  0.1334547000
0.5887019400  -1.9874979000
3.9024084000  -1.7301857000
3.0064511000  -0.6649431900
2.4880925000  -1.7439654000
4.2401981000  -0.0222385850
2.6709722000  -0.7082151200
1.5789760000  2.6153966000
2.4163525000  2.6563900000
3.3299731000  -1.1943045000
-1.5255219000  -1.5119460000
2.4900220000  1.2340894000
2.5305438000  -1.9521918000
3.7389912000  -1.7171812000
-0.4845108500  -2.0298055000
3.6708723000  -0.2402898400
2.3009062000  2.9769760000
1.5517475000  1.4572464000
1.1862742000  3.0528172000
-1.7570862000  -2.9054308000
0.7622285200  -2.0951844000
-1.0301631000  -1.7591485000
-1.3394836000  -1.7586235000
2.3662544000  2.2635715000
2.2443131000  2.2765884000
1.5338355000  2.1706146000
4.2137449000  -1.5532446000
-0.2069419700  -2.2282712000
4.2841283000  -1.5497535000
1.1542668000  3.5491049000
-0.2828210800  -2.0773964000
2.6708231000  -0.1486517000
-1.7533164000  -1.2150625000
2.9571453000  -0.3777925800
3.9678751000  -2.0309943000
1.3881148000  2.9693813000
2.3738797000  -0.8826789700
1.7356033000  2.8761364000
3.8816166000  -1.1580128000
-2.0084407000  -1.4594023000
2.8756876000  -0.0886897230
4.3312728000  -1.3644895000
0.1991466700  -1.9177888000
0.9835932900  1.3752014000
2.7933976000  -1.1444642000
2.8897001000  -0.2018130000
1.5552275000  2.2375729000
-1.0856013000  -3.2915387000
-0.9357621800  -1.4668418000
-1.9780745000  -0.9173776300
2.4327384000  0.9645270400
3.3288358000  -1.7004577000
-1.0690676000  -1.1250366000
-1.8327570000  -1.6167779000
-1.2651317000  -3.3283458000
3.1053639000  0.1554326300
-0.5853671800  -1.4106406000
4.7699592000  -0.3267870200
1.2253172000  1.2982845000
0.7538798800  3.0625404000
2.2867287000  -0.2550407700
3.1163455000  -0.5569047000
0.1549334300  -1.8664247000
-2.1077873000  -1.9098098000
-0.5152124300  -2.7683087000
-0.8683139200  -2.8374413000
0.1633420600  -1.2383097000
3.3310731000  -2.1927087000
-1.7575614000  -0.8852805400
4.1253724000  0.1190304700
2.9820122000  -1.6096431000
1.2677321000  3.6100489000
-0.0944133950  -3.0405978000
0.9160877200  2.2040045000
-0.2596068300  -2.5218041000
1.2025827000  1.4099894000
3.6895251000  -1.7690748000
2.2425533000  2.1773612000
0.3494962200  -1.5261589000
0.2263709600  -1.4987952000
-2.7857837000  -2.1639720000
2.0144378000  -1.4065767000
4.1305619000  -0.4810518200
2.0979783000  1.4798076000
0.5987859500  2.2203014000
2.7191348000  3.1485117000
2.4057299000  1.7868681000
-2.6263621000  -2.3134563000
0.4714599800  -2.5372148000
3.4245993000  -0.4398119400
0.6183247500  2.1080603000
-1.8573784000  -1.6170046000
-1.5327587000  -2.0666660000
1.5941705000  0.7813446600
3.8570351000  -0.1081194500
3.9277406000  -1.5116977000
-0.9193828500  -2.7385486000
1.0738391000  0.9155382500
1.8984491000  1.7876557000
-2.3597164000  -2.0360548000
-2.8059315000  -2.1349260000
1.4101598000  1.0499190000
-1.3798711000  -1.7169674000
-2.4855249000  -2.4869889000
4.7878570000  -0.6911965700
2.9401222000  -1.3111767000
3.8810848000  -1.9248254000
2.7455857000  1.7479236000
3.0561885000  -0.6909435400
4.6433689000  -1.3253401000
-0.8712323700  -1.5597131000
4.5736382000  -1.7991222000
-2.2360027000  -2.3664623000
1.8579946000  1.9682231000
-1.1863185000  -2.6157573000
3.8008778000  -1.6808052000
-0.1927379600  -2.4615688000
0.7669160500  2.9840773000
2.5576554000  3.5533840000
-1.2527472000  -1.1251713000
0.2197963900  -2.3621292000
1.2599186000  2.4766157000
1.5973446000  2.3749120000
1.2007168000  1.1324822000
-1.3915459000  -2.7364043000
1.0679899000  3.5660229000
0.8814547900  3.0190332000
1.0815504000  2.2143837000
3.7479254000  -0.2608961300
1.0921266000  3.5734466000
1.7240808000  1.4111012000
2.5497437000  -0.8768372600
3.1200434000  -0.4908992900
-1.9074323000  -0.9223194200
2.2132729000  3.6940873000
1.1553493000  1.8822000000
4.5185730000  -0.9209580300
1.3777424000  2.2178436000
1.2275541000  1.4511488000
2.1468846000  2.2468159000
2.6874664000  -0.4989497500
1.9034882000  1.8429865000
1.0000453000  1.4978901000
2.2556012000  -0.8566822900
-1.9631272000  -2.9234027000
-0.7226207500  -1.1840722000
0.5654227200  -2.5655362000
4.0272194000  -0.1755851800
2.6048331000  -1.0193990000
2.9127721000  0.0399461170
-2.3632662000  -1.7372073000
-1.6144947000  -2.8457218000
-1.0038432000  -1.9617380000
1.2631633000  1.7126398000
0.3813759900  -2.5578154000
-1.8634112000  -1.7378958000
-0.1605311300  -2.9133780000
1.2442842000  3.4978865000
1.3442720000  3.0587131000
-2.1359441000  -2.9188772000
3.2273536000  -0.9703923900
-1.0527988000  -0.7172253700
2.5596561000  -0.2923434800
-1.8134790000  -0.9533305900
0.8888004400  2.4857895000
1.0351425000  2.5695868000
-0.7119010900  -2.5081442000
1.8667311000  3.6095478000
1.8236036000  2.4237090000
-2.0975445000  -1.3025885000
4.6409257000  -1.6275228000
4.5371416000  -0.3510099100
-1.3387168000  -0.7917975800
-2.5983390000  -2.3234883000
2.7734723000  -1.5408454000
1.0482642000  1.3795454000
0.6209069500  2.4292485000
4.0935136000  -1.4764926000
1.3123225000  3.5470608000
3.8963449000  -1.0779949000
1.3634290000  3.2461679000
-0.4978202500  -1.0102626000
-1.5831171000  -1.4638785000
2.4649498000  2.6172620000
-1.8058506000  -1.3441701000
1.6669283000  2.8020708000
-1.5857365000  -0.7643780600
1.6351487000  2.6000633000
-0.4696690200  -2.2565347000
-1.1213878000  -1.4432827000
4.6604502000  -0.1831875200
4.5850381000  -0.6785809300
-2.0678594000  -3.0920255000
0.5181215100  -1.7959574000
0.2430400500  -2.4428648000
-2.2427206000  -2.9089430000
-1.4812669000  -1.3945100000
2.7943015000  1.3335255000
0.0155046570  -2.1819656000
4.8887072000  -1.3083077000
2.1664496000  2.1478868000
-2.8145620000  -1.6962759000
2.2366608000  0.8863773600
1.1411204000  1.5109915000
-0.7140351300  -1.6059991000
1.4969446000  3.2672995000
-1.8780303000  -0.9414192500
4.6910542000  -1.1080160000
2.5506766000  -0.4874868900
-2.3542649000  -2.9877896000
-1.7318217000  -2.3869018000
0.9343519000  2.6807583000
2.1648035000  -1.3339320000
2.0256286000  -0.7742844700
0.6523045100  -2.1929755000
-0.4497554900  -2.3908947000
3.6455278000  -1.6074596000
3.8299258000  -0.4833548600
2.2421908000  0.9027932500
-0.5394179400  -2.7824795000
2.9208722000  2.9350100000
-1.3684062000  -2.8892954000
-2.3467052000  -1.1644685000
-1.6306444000  -2.5839818000
-0.9670129000  -0.8055986800
3.0278620000  -1.9024334000
2.5327519000  -1.1335612000
-2.4283541000  -2.4245086000
1.0880616000  2.2037294000
-2.2157148000  -1.8724687000
3.1541465000  -2.0513900000
-2.0286847000  -2.8914736000
3.9049409000  -0.4231368100
-1.2465696000  -1.5918598000
2.0336734000  1.8250600000
2.5730232000  2.6631819000
1.0361953000  2.7875134000
-0.0958159300  -1.2646725000
-2.6337023000  -1.2999560000
-0.5244491600  -1.5246628000
1.8470321000  1.8970569000
1.5213761000  2.2525723000
-1.7579130000  -2.7120483000
2.3096573000  1.2726937000
0.4560179200  -2.6248906000
4.4885800000  -1.3996535000
1.9964402000  3.7328616000
5.0245538000  -1.2634027000
3.9437375000  -0.2721040700
2.7454382000  1.3668806000
2.1563170000  3.2400106000
-1.0342764000  -2.9466415000
1.0887934000  1.4846005000
1.4011780000  1.5465217000
1.1701020000  3.4376243000
1.3192855000  3.3605349000
-1.9843166000  -2.1533621000
3.4256664000  -0.3997076500
2.4212446000  2.7960428000
2.1928001000  -1.4578450000
-2.5572713000  -2.2339616000
1.7056495000  2.0900720000
1.7538334000  3.6195190000
2.8509185000  2.7937489000
5.0553919000  -1.0715588000
3.6175885000  -1.7405190000
-0.1342697500  -1.8560743000
4.1482453000  -0.3728272600
-1.2196063000  -3.0971620000
2.4751096000  1.2517400000
4.4889830000  -1.6231441000
4.5566506000  -0.9437101500
0.6149477900  -1.6760662000
-2.7893914000  -2.5073326000
-1.4441968000  -3.1667980000
-1.9288515000  -1.3761309000
3.9418174000  -0.2163528200
-2.2213232000  -1.1086187000
2.1752976000  -1.3001661000
2.2469447000  -0.5611840100
2.1552689000  2.9318937000
-2.3747915000  -2.8206324000
2.4540177000  1.1140609000
1.8464953000  3.6934572000
3.5899441000  -1.4899887000
1.2664222000  1.0154089000
4.3477412000  -1.6078235000
0.8482571900  2.8584572000
4.2773380000  -1.5187420000
2.8615514000  -0.5790026300
-0.6703222100  -1.3734975000
-2.3161026000  -2.8546616000
3.0617573000  -1.3339319000
4.7011209000  -1.6663006000
-2.5858896000  -1.4285926000
2.2167695000  1.7503940000
1.1265448000  3.6048870000
1.3350087000  1.4989148000
3.9695769000  -1.4114873000
2.6681840000  1.9496981000
3.4980054000  -2.1019963000
2.0730485000  -1.0979715000
1.4476590000  1.7811076000
-0.4181605300  -1.1495685000
0.1170057500  -1.3712159000
4.8973937000  -0.4998206700
1.9061796000  3.4075835000
1.2285243000  1.4383127000
2.5385219000  -1.5905751000
-2.8318931000  -1.9558169000
0.7947020000  1.5618031000
-0.0333030370  -1.4323949000
3.4548852000  -1.7329006000
-0.9546322200  -3.0517562000
1.7819126000  2.8649356000
0.8054304600  1.8766698000
-2.3538185000  -2.7564851000
-0.7757321500  -1.1946676000
4.3540053000  -1.2545486000
3.2191820000  -0.6078012300
0.1539474600  -2.8338640000
-2.2674777000  -1.2632111000
3.4877939000  -0.7728114600
-1.7430067000  -1.2633894000
-1.4777140000  -1.1345071000
1.2628397000  3.5551048000
-0.2840217100  -2.9472759000
4.3863897000  -0.7016865400
2.6097646000  1.2618720000
1.8387165000  2.7270238000
1.1910197000  1.7428084000
4.2575799000  -0.5895027400
3.9967700000  -1.9500141000
0.3350254300  -2.5061206000
0.4034779900  -1.7300882000
4.4969205000  -1.4790591000
-2.6093012000  -1.9063930000
3.9862619000  -1.8771813000
-2.0914569000  -1.8088200000
-0.4442298800  -2.4725724000
-0.1542472600  -2.2772325000
2.4107403000  2.9751282000
-0.6745394100  -2.2462648000
2.3577175000  -0.2495908900
2.7094122000  -0.5205503500
-2.4074130000  -2.3543565000
2.5929285000  2.6742366000
4.9908480000  -1.1486259000
-1.4488938000  -1.0332160000
2.7848619000  -1.3288415000
2.4874525000  -1.1399634000
0.8213391000  3.1034280000
3.5716919000  -1.2589564000
3.4744654000  -0.3656030500
3.2486060000  -0.0675894370
3.5758218000  -0.8533549200
-1.1224132000  -2.2948393000
-2.3167011000  -1.9338299000
2.0245918000  1.6265632000
1.5396076000  2.5558374000
0.9845135800  1.2503895000
4.3508626000  -1.2157826000
2.9337480000  2.1017090000
2.5883190000  -1.5629138000
1.9604049000  -1.0748499000
5.0206123000  -1.0236961000
1.7448233000  2.7146549000
4.4597448000  -1.6900291000
3.8029075000  -1.8354442000
-0.1922365400  -2.0685925000
-1.8814569000  -1.9638281000
0.6592736800  -1.7794571000
4.1660989000  -1.2357693000
2.5589608000  -0.8998024500
1.0524004000  2.1265369000
0.7521631200  1.7336678000
2.9891801000  -2.0731344000
-0.4886800200  -2.3869716000
1.8882362000  2.0222212000
1.6904524000  1.9297040000
3.8918388000  0.0626312910
4.3360276000  -0.8455021800
4.8824162000  -1.2573121000
2.3521703000  3.5422150000
4.2103491000  -0.1916831800
1.0308000000  3.4698228000
4.5448563000  -0.4841355300
3.8895259000  -0.6159096800
1.0504400000  3.3961628000
1.9974817000  1.5080759000
1.7372869000  1.4578369000
2.8424354000  -0.9182228500
4.9440988000  -1.2946194000
1.4257810000  1.8740488000
1.0028089000  1.4766081000
2.1861767000  2.4992231000
3.9963120000  -2.1596750000
2.1174243000  -1.5285950000
2.3210305000  -0.4820683700
1.1425020000  2.9212767000
1.1803884000  1.6002297000
4.8006048000  -0.9615255800
4.2779490000  -0.3907310300
0.0171859450  -1.6734858000
1.3942550000  1.7034037000
1.2041640000  3.4138143000
2.1169793000  3.9694252000
0.6019707100  -1.5190324000
2.8203948000  2.7919622000
-0.5037160200  -1.3209220000
0.3540517500  -1.5407622000
2.0453988000  1.4630955000
4.9038242000  -1.0959204000
2.0397249000  1.5845056000
2.3113812000  1.7533278000
-1.1939216000  -2.7157926000
4.6159108000  -0.5098322700
0.9039972100  3.4472971000
2.5736086000  -0.8719762300
-2.0150898000  -1.7046485000
3.9833434000  -0.5359462300
2.8854423000  -1.2325095000
4.5900390000  -0.1819141400
-1.2347815000  -2.3830806000
0.1594244400  -1.8449598000
3.0948234000  0.1467975900
1.3570358000  1.1583823000
0.8501823200  1.3535286000
-1.8288163000  -1.5609866000
-2.2365723000  -2.7751613000
2.4124880000  3.6277021000
-0.3005502100  -1.3087722000
-0.6582197200  -2.0005577000
3.7254589000  0.1595808600
0.8605366300  1.4238891000
2.4427145000  3.2790809000
2.0761530000  2.1587253000
3.8194427000  0.1583783000
4.7186543000  -1.6101109000
2.1694759000  1.1704758000
2.5910986000  3.4596205000
4.5052069000  -1.4744863000
1.5463924000  2.3838876000
-0.3489583300  -2.5394644000
4.4102797000  -0.7964519500
1.1572421000  1.2436808000
-1.7482326000  -1.1723330000
0.0358804320  -1.5455572000
2.2075484000  -1.1117163000
-1.4012291000  -1.3535796000
-1.2145034000  -1.4672773000
-0.8144755100  -2.2669925000
-1.5476656000  -3.2201853000
-2.1393806000  -1.2428349000
-0.8347499200  -1.6039608000
-1.2180092000  -2.2445373000
3.0730533000  -2.1656134000
1.1139560000  1.2311470000
1.9921969000  2.5001025000
4.3063453000  0.0344211520
0.1394129600  -2.5565855000
2.0731677000  2.1981715000
1.8011616000  3.8694795000
2.1958311000  1.9124777000
-2.2158467000  -2.2711573000
3.3520438000  -1.0706212000
-1.0946183000  -1.0527632000
-1.1018193000  -0.7052772900
2.1420247000  2.4120636000
2.7924842000  2.1323465000
-1.2082731000  -0.7157542600
3.9965927000  -1.4336164000
3.3918863000  -2.0513349000
2.4447770000  1.4948187000
-0.9274110400  -0.7412157500
3.6429464000  -0.3263100100
3.2275606000  -0.0290506100
-0.1208266600  -1.6428747000
3.3159285000  -0.7509435500
2.1414081000  -0.6666742000
2.8117557000  -1.6663430000
-1.0750581000  -1.1796911000
1.1685988000  0.8338129500
-1.1930780000  -1.0573632000
-1.8407617000  -2.3617639000
3.6710350000  -0.6156337100
0.0596462950  -2.2138952000
3.1761325000  -1.9061942000
2.4515006000  -0.6472609300
5.0380879000  -1.1745625000
-0.5062919100  -1.2545672000
-2.0388765000  -1.7212354000
3.7798134000  -0.7999285500
3.8541890000  -0.2742383900
-1.1700439000  -1.5325870000
2.7895559000  2.8334984000
-0.0485274020  -3.1007245000
-1.8944520000  -2.8902671000
-1.0060556000  -0.8592949800
2.8839539000  -1.5294891000
1.6149852000  1.3349881000
2.4777335000  -1.0958886000
-1.8270996000  -3.0298447000
1.0567343000  2.3255882000
-2.7356089000  -1.5719412000
1.1144975000  1.4122346000
3.3996501000  -1.5990677000
3.7633009000  -1.6819829000
2.9872575000  -0.5233868400
2.7435958000  -1.8595754000
3.9466613000  -1.6271130000
1.6987287000  3.9249671000
3.1925711000  -1.5824126000
-0.6004990800  -2.8376393000
1.9901517000  -1.2727012000
-2.1625408000  -3.0907978000
1.4604625000  3.6519513000
3.4642163000  -0.6545283500
3.0132711000  -0.4085604800
-2.2019948000  -2.9378765000
3.1888037000  -1.3774692000
-1.2013506000  -2.9145188000
-2.2964068000  -2.1909177000
-2.2831342000  -1.7594374000
-0.8549941400  -2.9285806000
-2.2219449000  -2.7504371000
4.6012045000  -1.2581993000
2.0860943000  0.9381382500
3.7955849000  -1.8337803000
-1.1998543000  -0.7425799500
1.4902853000  3.4381060000
1.9607552000  0.9795487400
1.7514888000  1.3018226000
3.5874664000  -0.0381131730
2.1145280000  3.7025851000
4.2878490000  -0.1915224500
4.5569435000  -0.4271082400
1.4484735000  1.2447479000
-0.8137122700  -2.7467095000
4.9162871000  -0.7196494600
-1.5948899000  -1.3234390000
3.9088421000  -0.9167496300
2.8052936000  2.7357185000
3.5773913000  -0.4747511500
-1.7935313000  -1.6144739000
2.9973414000  -0.5650200800
1.7673551000  3.7577925000
-1.6835126000  -0.9808158700
-0.6352615700  -2.4627551000
1.7779535000  0.5972157800
0.0379921770  -2.3147085000
3.3578244000  -0.1814989700
-0.1175834600  -0.9690801800
2.0420559000  -0.8819708600
-1.3767118000  -3.2141327000
-1.5575726000  -1.3850902000
1.3203313000  3.6038165000
2.6795494000  1.3122208000
-2.3224647000  -2.1095093000
3.4930456000  -1.8233708000
-2.4780904000  -2.1418880000
2.8745329000  -1.1061587000
2.7155956000  1.9818957000
3.5302399000  -2.0953307000
0.1469534000  -2.4103194000
3.6552273000  -0.6009787500
1.1030481000  1.1792570000
0.6621712400  -2.3287477000
1.5023400000  2.3977576000
0.8722095100  1.6996615000
-1.4938709000  -1.6007979000
2.4855023000  -1.2361968000
3.7882758000  -1.5775652000
3.7165523000  -0.3170742000
4.6963231000  -1.5044022000
2.8344824000  2.7937887000
0.3353661800  -1.7052782000
1.0716954000  3.4743472000
4.3840605000  -1.0712858000
2.9608589000  1.9813105000
2.3092745000  -1.7697336000
1.3919204000  3.1310776000
1.4050495000  1.5741050000
3.5030080000  -0.3004172800
1.0211771000  3.2978528000
0.9900107000  3.4254265000
-1.9071422000  -1.1445806000
-2.5288357000  -1.3827790000
2.2292789000  -0.6601903300
-1.8739661000  -1.2980755000
3.8166240000  -1.1563269000
2.5427569000  2.8807112000
-1.7192836000  -2.3192364000
2.9682480000  -2.0770078000
0.7374379400  1.7521888000
1.7959629000  3.8534925000
2.9576640000  -1.0710451000
-1.6404520000  -1.6840385000
1.9766308000  -0.9192799000
3.1639498000  -0.4587484500
1.3396392000  3.1605570000
1.5181102000  0.8819900500
1.6504402000  1.5277050000
-0.7508204800  -2.6716384000
-0.5870586400  -2.6938514000
1.3992547000  2.0126716000
1.2301608000  1.8654808000
0.6195782900  -1.8909354000
2.4234614000  -0.8287722800
2.5391925000  3.6364039000
-1.6862226000  -1.1728196000
2.3710368000  -0.5035844900
4.6605314000  -0.5851463400
2.0437296000  1.5109855000
1.3084998000  3.3403534000
-0.6367844300  -1.2045652000
1.7383208000  2.6514127000
-2.7232848000  -1.7948034000
-0.6102394400  -0.7632434500
1.4747219000  3.9050908000
3.4415750000  -0.2552360600
1.5968142000  2.5984594000
-0.6685154900  -1.9368114000
2.7980501000  1.5967990000
-1.3380639000  -1.8111966000
0.8307900400  1.9393034000
2.7135427000  -1.3879273000
2.8778304000  2.6529182000
1.1118509000  2.6610314000
3.8477741000  -1.3963698000
1.7678973000  2.9536402000
2.0288661000  1.9914856000
4.6995810000  -1.1553291000
-0.7049622300  -2.6916693000
4.1166557000  -1.9733905000
3.3383925000  -0.5414089200
4.1858321000  -0.6420288600
1.6761640000  2.2786748000
2.7505519000  -1.5176786000
1.8777955000  3.5258248000
-2.1152544000  -3.0597310000
4.3556865000  -1.8217192000
1.8806920000  1.0482158000
2.6122096000  2.4213668000
2.7752830000  2.9072893000
-0.5853341300  -1.1332349000
2.6442044000  2.0354533000
0.7360871700  1.6582028000
2.8038186000  2.1130725000
1.2560958000  2.9933045000
3.8716113000  -0.0815199460
2.7665804000  -1.7721374000
-1.7025541000  -2.5381376000
0.8864384600  2.5318576000
-0.0884777120  -2.5107717000
3.0232079000  0.0712920200
3.9480011000  -1.0821096000
2.6686931000  -1.2780467000
1.8323246000  1.6457886000
0.1160625300  -2.9296326000
-1.0909000000  -1.0895132000
2.0705141000  3.9384609000
2.3809574000  1.3087436000
-1.3379114000  -2.3160289000
2.6087686000  -0.4815714300
4.2364339000  -1.5723194000
1.1667553000  3.1526270000
-0.8148944900  -2.0174985000
3.0853242000  -1.5980001000
4.2796320000  -0.5068135300
-0.8808605100  -1.2358734000
-1.1615215000  -0.8831369700
-0.9806754000  -1.7799577000
-1.3432883000  -3.0960461000
3.3186608000  0.0603291050
1.9983113000  1.7762475000
1.7187782000  2.5745992000
-0.0078223067  -0.9636981900
4.8466482000  -1.1199158000
4.0107590000  -0.5093741300
2.0304239000  -1.2987518000
1.7817200000  2.5083957000
4.0149995000  -1.0064881000
-0.9806398900  -1.2326634000
3.6893957000  -1.1419410000
2.5360378000  -1.1752335000
4.5698083000  -1.8210913000
2.4082169000  -1.1375515000
-1.2988242000  -1.2868301000
4.1260557000  -1.7248541000
2.1911977000  1.9236041000
0.7871122200  2.4764543000
2.4219919000  3.6617881000
3.4432899000  -1.4330986000
-0.0189576430  -1.9285476000
1.4133740000  2.7467456000
-1.7862788000  -0.8388611400
1.8899883000  2.3542247000
1.0417747000  2.3281801000
1.2251575000  2.9673760000
-1.7989900000  -3.1994970000
1.6802499000  1.8311188000
4.0287140000  -0.6441816500
3.9567741000  -0.8273411900
-0.6096250300  -1.1401092000
1.8473342000  1.8362565000
1.9532036000  2.2999475000
-1.3188606000  -2.1191974000
1.3656540000  1.7628455000
4.7291954000  -0.2521569800
4.3720033000  -1.9804352000
3.9870582000  -0.8719037300
-1.0643069000  -1.0132380000
3.5174070000  -0.5228172400
2.6661433000  1.0832481000
3.7990371000  -1.8499196000
3.5040320000  0.2193185600
1.8620539000  1.2412616000
-0.9366772500  -2.9855684000
4.3033064000  -1.8925676000
-2.5060906000  -1.8772162000
2.6668971000  2.4975068000
-2.3371753000  -2.1534551000
1.4641121000  0.7779428100
0.6937297100  2.4797695000
0.7231175400  2.0987468000
1.8446918000  1.6255694000
-1.1219229000  -2.9105078000
2.3458780000  3.4016957000
0.4376666900  -2.6306971000
2.9397248000  0.0755593450
3.0852850000  -1.3234104000
4.4117177000  -0.4565680100
3.9365210000  -0.2454915800
2.7615536000  -0.7221707000
2.9299329000  -1.3469281000
0.9811325300  1.5816899000
2.4193949000  2.1522993000
4.2848753000  -0.0411707190
0.7112392200  1.9049553000
1.8281886000  3.9372982000
3.6382119000  -0.9712350400
0.1705677000  -1.7946233000
1.1057132000  2.4495533000
0.8178122600  3.2649530000
-1.8790087000  -1.8329630000
4.0732966000  -0.7201592300
1.5007057000  1.6463543000
-0.8528967800  -1.8706846000
-1.7846193000  -1.8119991000
-1.8412074000  -1.2648068000
0.6741097500  2.0627107000
0.2911670100  -2.2309956000
3.1913257000  -0.6091159600
2.9281523000  -1.8814101000
0.0303295740  -2.6723246000
4.0735248000  -1.8416446000
0.7424597000  2.1718294000
-0.1596363000  -2.3411152000
1.5389576000  2.2278067000
-2.0010975000  -1.1205944000
0.3982735300  -1.7284850000
-1.4507685000  -2.8062035000
-0.5660449300  -1.3187611000
2.1681716000  3.2283081000
4.5969941000  -1.7154974000
2.1932995000  3.8574334000
1.0622394000  2.7963283000
-2.0883665000  -1.9362161000
2.6165994000  3.2122010000
3.0267951000  -2.0236219000
4.6890320000  -0.4581962300
2.1820144000  2.9241844000
2.4631396000  -1.4361795000
4.1512880000  -0.8660581800
1.1332505000  3.2193265000
-2.1729682000  -2.6961346000
-2.3421545000  -1.9231762000
4.2879280000  -0.9341145100
0.2403279200  -2.2224073000
1.2578347000  3.5859890000
-1.3795364000  -1.2373285000
-0.7466357000  -2.5690911000
1.5778103000  1.7338620000
-0.4213992600  -1.1647696000
-0.2659988900  -2.6026452000
3.5104803000  -0.6327714200
1.0670746000  2.4757940000
2.1787561000  3.8380075000
1.2576068000  2.5325603000
3.7705301000  -1.7347745000
1.7031726000  3.8344824000
-1.3598746000  -0.9051788700
2.0068475000  3.2512986000
-0.4225023900  -0.8764052800
1.7463865000  2.9248848000
-1.8888960000  -0.9909811300
-0.5137200900  -3.0377464000
2.5227842000  2.7890222000
0.6722849300  1.6942436000
2.7278198000  -0.8558606200
0.1293027900  -2.2595130000
-0.1207044500  -2.7445352000
3.9880824000  -1.6436541000
-2.1132343000  -1.7313761000
2.9337381000  -1.6641652000
2.6514678000  3.3087859000
0.3638583500  -2.0465138000
2.2045056000  -0.7763022500
-1.1126038000  -2.6901594000
1.6328498000  2.8035492000
2.3491525000  -0.7622699000
1.7490160000  3.6686672000
1.2711436000  1.1518750000
2.4066703000  -0.1812892900
3.6814249000  -1.8328786000
4.2611753000  -1.7911836000
2.4462905000  -0.3397205700
1.1750034000  0.8338031600
1.3419471000  1.8427768000
-0.8267974000  -3.1801151000
3.6200200000  -0.6305304700
2.1969778000  -0.6864032200
2.3293799000  2.6712501000
2.6464556000  2.6194990000
3.0358619000  -0.2357684300
-1.0242944000  -2.8837570000
-0.9600066100  -2.8420523000
-2.8624683000  -1.7202378000
-1.3107003000  -1.5114158000
2.6775291000  0.0227364780
-2.4459819000  -1.7918089000
-0.3203574700  -1.1562909000
2.2103843000  -1.3073418000
0.8554412900  3.0350342000
4.1970876000  -1.7641919000
-2.1452995000  -1.4465543000
3.6180148000  -1.9907242000
3.5374114000  -1.5892804000
0.0875499200  -2.7289916000
1.5144904000  2.6691954000
1.0409210000  1.4904899000
-1.1676803000  -1.0307482000
-1.3914860000  -2.1439776000
4.2381455000  -1.5234631000
2.7974961000  -0.1297898900
1.5975442000  2.6576822000
-2.6043863000  -2.3060895000
4.2450741000  -0.9205954800
2.2919781000  3.7223208000
0.4899862800  -2.6465468000
2.5493563000  2.4471345000
-0.1021899500  -2.8017885000
2.5828800000  3.5588139000
-0.7482010000  -2.8822159000
2.1554139000  3.0891481000
-0.8137514200  -2.6815557000
-2.7005914000  -2.3432328000
-1.0373023000  -2.1148828000
1.7552986000  0.8520379500
-2.6187877000  -2.7417340000
1.5223835000  2.8280471000
4.5530073000  -1.6462105000
4.1507302000  -0.8477736000
4.3443007000  -0.1291810800
2.3958244000  2.3111683000
2.6351833000  -0.5746804800
1.9183970000  2.7593711000
2.3555540000  -1.3974926000
4.5372001000  -1.8339684000
2.0139587000  1.7317628000
0.0513454550  -1.6440625000
1.0361641000  3.4912460000
-0.8208725500  -1.5404641000
4.1424578000  -0.7172638300
4.8209533000  -1.1689681000
2.8961072000  -1.5268715000
1.1228536000  1.4332904000
1.5526178000  1.7965205000
4.8208792000  -0.4810862600
2.1598421000  0.9221611300
-2.0070397000  -2.0493654000
4.3148879000  -1.4304333000
2.8499910000  -0.5422770900
4.0262171000  -0.3290407700
2.8181126000  3.1701829000
0.8380956200  2.2105178000
-2.7909731000  -1.4021355000
-1.1971307000  -0.9562792200
-2.8765031000  -2.2870457000
1.7945784000  1.1141871000
2.3665395000  2.5411887000
2.7212985000  -0.4920560200
2.4833309000  2.0556127000
1.5466418000  2.8833079000
-1.5788976000  -1.4430848000
-0.4003678900  -1.5789325000
-0.5549950600  -2.3954273000
4.2045906000  -1.8996843000
1.1724168000  1.2525647000
3.9995226000  0.1334547000
0.5887019400  -1.9874979000
3.9024084000  -1.7301857000
3.0064511000  -0.6649431900
2.4880925000  -1.7439654000
4.2401981000  -0.0222385850
2.6709722000  -0.7082151200
1.5789760000  2.6153966000
2.4163525000  2.6563900000
3.3299731000  -1.1943045000
-1.5255219000  -1.5119460000
2.4900220000  1.2340894000
2.5305438000  -1.9521918000
3.7389912000  -1.7171812000
-0.4845108500  -2.0298055000
3.6708723000  -0.2402898400
2.3009062000  2.9769760000
1.5517475000  1.4572464000
1.1862742000  3.0528172000
-1.7570862000  -2.9054308000
0.7622285200  -2.0951844000
-1.0301631000  -1.7591485000
-1.3394836000  -1.7586235000
2.3662544000  2.2635715000
2.2443131000  2.2765884000
1.5338355000  2.1706146000
4.2137449000  -1.5532446000
-0.2069419700  -2.2282712000
4.2841283000  -1.5497535000
1.1542668000  3.5491049000
-0.2828210800  -2.0773964000
2.6708231000  -0.1486517000
-1.7533164000  -1.2150625000
2.9571453000  -0.3777925800
3.9678751000  -2.0309943000
1.3881148000  2.9693813000
2.3738797000  -0.8826789700
1.7356033000  2.8761364000
3.8816166000  -1.1580128000
-2.0084407000  -1.4594023000
2.8756876000  -0.0886897230
4.3312728000  -1.3644895000
0.1991466700  -1.9177888000
0.9835932900  1.3752014000
2.7933976000  -1.1444642000
2.8897001000  -0.2018130000
1.5552275000  2.2375729000
-1.0856013000  -3.2915387000
-0.9357621800  -1.4668418000
-1.9780745000  -0.9173776300
2.4327384000  0.9645270400
3.3288358000  -1.7004577000
-1.0690676000  -1.1250366000
-1.8327570000  -1.6167779000
-1.2651317000  -3.3283458000
3.1053639000  0.1554326300
-0.5853671800  -1.4106406000
4.7699592000  -0.3267870200
1.2253172000  1.2982845000
0.7538798800  3.0625404000
2.2867287000  -0.2550407700
3.1163455000  -0.5569047000
0.1549334300  -1.8664247000
-2.1077873000  -1.9098098000
-0.5152124300  -2.7683087000
-0.8683139200  -2.8374413000
0.1633420600  -1.2383097000
3.3310731000  -2.1927087000
-1.7575614000  -0.8852805400
4.1253724000  0.1190304700
2.9820122000  -1.6096431000
1.2677321000  3.6100489000
-0.0944133950  -3.0405978000
0.9160877200  2.2040045000
-0.2596068300  -2.5218041000
1.2025827000  1.4099894000
3.6895251000  -1.7690748000
2.2425533000  2.1773612000
0.3494962200  -1.5261589000
0.2263709600  -1.4987952000
-2.7857837000  -2.1639720000
2.0144378000  -1.4065767000
4.1305619000  -0.4810518200
2.0979783000  1.4798076000
0.5987859500  2.2203014000
2.7191348000  3.1485117000
2.4057299000  1.7868681000
-2.6263621000  -2.3134563000
0.4714599800  -2.5372148000
3.4245993000  -0.4398119400
0.6183247500  2.1080603000
-1.8573784000  -1.6170046000
-1.5327587000  -2.0666660000
1.5941705000  0.7813446600
3.8570351000  -0.1081194500
3.9277406000  -1.5116977000
-0.9193828500  -2.7385486000
1.0738391000  0.9155382500
1.8984491000  1.7876557000
-2.3597164000  -2.0360548000
-2.8059315000  -2.1349260000
1.4101598000  1.0499190000
-1.3798711000  -1.7169674000
-2.4855249000  -2.4869889000
4.7878570000  -0.6911965700
2.9401222000  -1.3111767000
3.8810848000  -1.9248254000
2.7455857000  1.7479236000
3.0561885000  -0.6909435400
4.6433689000  -1.3253401000
-0.8712323700  -1.5597131000
4.5736382000  -1.7991222000
-2.2360027000  -2.3664623000
1.8579946000  1.9682231000
-1.1863185000  -2.6157573000
3.8008778000  -1.6808052000
-0.1927379600  -2.4615688000
0.7669160500  2.9840773000
2.5576554000  3.5533840000
-1.2527472000  -1.1251713000
0.2197963900  -2.3621292000
1.2599186000  2.4766157000
1.5973446000  2.3749120000
1.2007168000  1.1324822000
-1.3915459000  -2.7364043000
1.0679899000  3.5660229000
0.8814547900  3.0190332000
1.0815504000  2.2143837000
3.7479254000  -0.2608961300
1.0921266000  3.5734466000
1.7240808000  1.4111012000
2.5497437000  -0.8768372600
3.1200434000  -0.4908992900
-1.9074323000  -0.9223194200
2.2132729000  3.6940873000
1.1553493000  1.8822000000
4.5185730000  -0.9209580300
1.3777424000  2.2178436000
1.2275541000  1.4511488000
2.1468846000  2.2468159000
2.6874664000  -0.4989497500
1.9034882000  1.8429865000
1.0000453000  1.4978901000
2.2556012000  -0.8566822900
-1.9631272000  -2.9234027000
-0.7226207500  -1.1840722000
0.5654227200  -2.5655362000
4.0272194000  -0.1755851800
2.6048331000  -1.0193990000
2.9127721000  0.0399461170
-2.3632662000  -1.7372073000
-1.6144947000  -2.8457218000
-1.0038432000  -1.9617380000
1.2631633000  1.7126398000
0.3813759900  -2.5578154000
-1.8634112000  -1.7378958000
-0.1605311300  -2.9133780000
1.2442842000  3.4978865000
1.3442720000  3.0587131000
-2.1359441000  -2.9188772000
3.2273536000  -0.9703923900
-1.0527988000  -0.7172253700
2.5596561000  -0.2923434800
-1.8134790000  -0.9533305900
0.8888004400  2.4857895000
1.0351425000  2.5695868000
-0.7119010900  -2.5081442000
1.8667311000  3.6095478000
1.8236036000  2.4237090000
-2.0975445000  -1.3025885000
4.6409257000  -1.6275228000
4.5371416000  -0.3510099100
-1.3387168000  -0.7917975800
-2.5983390000  -2.3234883000
2.7734723000  -1.5408454000
1.0482642000  1.3795454000
0.6209069500  2.4292485000
4.0935136000  -1.4764926000
1.3123225000  3.5470608000
3.8963449000  -1.0779949000
1.3634290000  3.2461679000
-0.4978202500  -1.0102626000
-1.5831171000  -1.4638785000
2.4649498000  2.6172620000
-1.8058506000  -1.3441701000
1.6669283000  2.8020708000
-1.5857365000  -0.7643780600
1.6351487000  2.6000633000
-0.4696690200  -2.2565347000
-1.1213878000  -1.4432827000
4.6604502000  -0.1831875200
4.5850381000  -0.6785809300
-2.0678594000  -3.0920255000
0.5181215100  -1.7959574000
0.2430400500  -2.4428648000
-2.2427206000  -2.9089430000
-1.4812669000  -1.3945100000
2.7943015000  1.3335255000
0.0155046570  -2.1819656000
4.8887072000  -1.3083077000
2.1664496000  2.1478868000
-2.8145620000  -1.6962759000
2.2366608000  0.8863773600
1.1411204000  1.5109915000
-0.7140351300  -1.6059991000
1.4969446000  3.2672995000
-1.8780303000  -0.9414192500
4.6910542000  -1.1080160000
2.5506766000  -0.4874868900
-2.3542649000  -2.9877896000
-1.7318217000  -2.3869018000
0.9343519000  2.6807583000
2.1648035000  -1.3339320000
2.0256286000  -0.7742844700
0.6523045100  -2.1929755000
-0.4497554900  -2.3908947000
3.6455278000  -1.6074596000
3.8299258000  -0.4833548600
2.2421908000  0.9027932500
-0.5394179400  -2.7824795000
2.9208722000  2.9350100000
-1.3684062000  -2.8892954000
-2.3467052000  -1.1644685000
-1.6306444000  -2.5839818000
-0.9670129000  -0.8055986800
3.0278620000  -1.9024334000
2.5327519000  -1.1335612000
-2.4283541000  -2.4245086000
1.0880616000  2.2037294000
-2.2157148000  -1.8724687000
3.1541465000  -2.0513900000
-2.0286847000  -2.8914736000
3.9049409000  -0.4231368100
-1.2465696000  -1.5918598000
2.0336734000  1.8250600000
2.5730232000  2.6631819000
1.0361953000  2.7875134000
-0.0958159300  -1.2646725000
-2.6337023000  -1.2999560000
-0.5244491600  -1.5246628000
1.8470321000  1.8970569000
1.5213761000  2.2525723000
-1.7579130000  -2.7120483000
2.3096573000  1.2726937000
0.4560179200  -2.6248906000
4.4885800000  -1.3996535000
1.9964402000  3.7328616000
5.0245538000  -1.2634027000
3.9437375000  -0.2721040700
2.7454382000  1.3668806000
2.1563170000  3.2400106000
-1.0342764000  -2.9466415000
1.0887934000  1.4846005000
1.4011780000  1.5465217000
1.1701020000  3.4376243000
1.3192855000  3.3605349000
-1.9843166000  -2.1533621000
3.4256664000  -0.3997076500
2.4212446000  2.7960428000
2.1928001000  -1.4578450000
-2.5572713000  -2.2339616000
1.7056495000  2.0900720000
1.7538334000  3.6195190000
2.8509185000  2.7937489000
5.0553919000  -1.0715588000
3.6175885000  -1.7405190000
-0.1342697500  -1.8560743000
4.1482453000  -0.3728272600
-1.2196063000  -3.0971620000
2.4751096000  1.2517400000
4.4889830000  -1.6231441000
4.5566506000  -0.9437101500
0.6149477900  -1.6760662000
-2.7893914000  -2.5073326000
-1.4441968000  -3.1667980000
-1.9288515000  -1.3761309000
3.9418174000  -0.2163528200
-2.2213232000  -1.1086187000
2.1752976000  -1.3001661000
2.2469447000  -0.5611840100
2.1552689000  2.9318937000
-2.3747915000  -2.8206324000
2.4540177000  1.1140609000
1.8464953000  3.6934572000
3.5899441000  -1.4899887000
1.2664222000  1.0154089000
4.3477412000  -1.6078235000
0.8482571900  2.8584572000
4.2773380000  -1.5187420000
2.8615514000  -0.5790026300
-0.6703222100  -1.3734975000
-2.3161026000  -2.8546616000
3.0617573000  -1.3339319000
4.7011209000  -1.6663006000
-2.5858896000  -1.4285926000
2.2167695000  1.7503940000
1.1265448000  3.6048870000
1.3350087000  1.4989148000
3.9695769000  -1.4114873000
2.6681840000  1.9496981000
3.4980054000  -2.1019963000
2.0730485000  -1.0979715000
1.4476590000  1.7811076000
-0.4181605300  -1.1495685000
0.1170057500  -1.3712159000
4.8973937000  -0.4998206700
1.9061796000  3.4075835000
1.2285243000  1.4383127000
2.5385219000  -1.5905751000
-2.8318931000  -1.9558169000
0.7947020000  1.5618031000
-0.0333030370  -1.4323949000
3.4548852000  -1.7329006000
-0.9546322200  -3.0517562000
1.7819126000  2.8649356000
0.8054304600  1.8766698000
-2.3538185000  -2.7564851000
-0.7757321500  -1.1946676000
4.3540053000  -1.2545486000
3.2191820000  -0.6078012300
0.1539474600  -2.8338640000
-2.2674777000  -1.2632111000
3.4877939000  -0.7728114600
-1.7430067000  -1.2633894000
-1.4777140000  -1.1345071000
1.2628397000  3.5551048000
-0.2840217100  -2.9472759000
4.3863897000  -0.7016865400
2.6097646000  1.2618720000
1.8387165000  2.7270238000
1.1910197000  1.7428084000
4.2575799000  -0.5895027400
3.9967700000  -1.9500141000
0.3350254300  -2.5061206000
0.4034779900  -1.7300882000
4.4969205000  -1.4790591000
-2.6093012000  -1.9063930000
3.9862619000  -1.8771813000
-2.0914569000  -1.8088200000
-0.4442298800  -2.4725724000
-0.1542472600  -2.2772325000
2.4107403000  2.9751282000
-0.6745394100  -2.2462648000
2.3577175000  -0.2495908900
2.7094122000  -0.5205503500
-2.4074130000  -2.3543565000
2.5929285000  2.6742366000
4.9908480000  -1.1486259000
-1.4488938000  -1.0332160000
2.7848619000  -1.3288415000
2.4874525000  -1.1399634000
0.8213391000  3.1034280000
3.5716919000  -1.2589564000
3.4744654000  -0.3656030500
3.2486060000  -0.0675894370
3.5758218000  -0.8533549200
-1.1224132000  -2.2948393000
-2.3167011000  -1.9338299000
2.0245918000  1.6265632000
1.5396076000  2.5558374000
0.9845135800  1.2503895000
4.3508626000  -1.2157826000
2.9337480000  2.1017090000
2.5883190000  -1.5629138000
1.9604049000  -1.0748499000
5.0206123000  -1.0236961000
1.7448233000  2.7146549000
4.4597448000  -1.6900291000
3.8029075000  -1.8354442000
-0.1922365400  -2.0685925000
-1.8814569000  -1.9638281000
0.6592736800  -1.7794571000
4.1660989000  -1.2357693000
2.5589608000  -0.8998024500
1.0524004000  2.1265369000
0.7521631200  1.7336678000
2.9891801000  -2.0731344000
-0.4886800200  -2.3869716000
1.8882362000  2.0222212000
1.6904524000  1.9297040000
3.8918388000  0.0626312910
4.3360276000  -0.8455021800
4.8824162000  -1.2573121000
2.3521703000  3.5422150000
4.2103491000  -0.1916831800
1.0308000000  3.4698228000
4.5448563000  -0.4841355300
3.8895259000  -0.6159096800
1.0504400000  3.3961628000
1.9974817000  1.5080759000
1.7372869000  1.4578369000
2.8424354000  -0.9182228500
4.9440988000  -1.2946194000
1.4257810000  1.8740488000
1.0028089000  1.4766081000
2.1861767000  2.4992231000
3.9963120000  -2.1596750000
2.1174243000  -1.5285950000
2.3210305000  -0.4820683700
1.1425020000  2.9212767000
1.1803884000  1.6002297000
4.8006048000  -0.9615255800
4.2779490000  -0.3907310300
0.0171859450  -1.6734858000
1.3942550000  1.7034037000
1.2041640000  3.4138143000
2.1169793000  3.9694252000
0.6019707100  -1.5190324000
2.8203948000  2.7919622000
-0.5037160200  -1.3209220000
0.3540517500  -1.5407622000
2.0453988000  1.4630955000
4.9038242000  -1.0959204000
2.0397249000  1.5845056000
2.3113812000  1.7533278000
-1.1939216000  -2.7157926000
4.6159108000  -0.5098322700
0.9039972100  3.4472971000
2.5736086000  -0.8719762300
-2.0150898000  -1.7046485000
3.9833434000  -0.5359462300
2.8854423000  -1.2325095000
4.5900390000  -0.1819141400
-1.2347815000  -2.3830806000
0.1594244400  -1.8449598000
3.0948234000  0.1467975900
1.3570358000  1.1583823000
0.8501823200  1.3535286000
-1.8288163000  -1.5609866000
-2.2365723000  -2.7751613000
2.4124880000  3.6277021000
-0.3005502100  -1.3087722000
-0.6582197200  -2.0005577000
3.7254589000  0.1595808600
0.8605366300  1.4238891000
2.4427145000  3.2790809000
2.0761530000  2.1587253000
3.8194427000  0.1583783000
4.7186543000  -1.6101109000
2.1694759000  1.1704758000
2.5910986000  3.4596205000
4.5052069000  -1.4744863000
1.5463924000  2.3838876000
-0.3489583300  -2.5394644000
4.4102797000  -0.7964519500
1.1572421000  1.2436808000
-1.7482326000  -1.1723330000
0.0358804320  -1.5455572000
2.2075484000  -1.1117163000
-1.4012291000  -1.3535796000
-1.2145034000  -1.4672773000
-0.8144755100  -2.2669925000
-1.5476656000  -3.2201853000
-2.1393806000  -1.2428349000
-0.8347499200  -1.6039608000
-1.2180092000  -2.2445373000
3.0730533000  -2.1656134000
1.1139560000  1.2311470000
1.9921969000  2.5001025000
4.3063453000  0.0344211520
0.1394129600  -2.5565855000
2.0731677000  2.1981715000
1.8011616000  3.8694795000
2.1958311000  1.9124777000
-2.2158467000  -2.2711573000
3.3520438000  -1.0706212000
-1.0946183000  -1.0527632000
-1.1018193000  -0.7052772900
2.1420247000  2.4120636000
2.7924842000  2.1323465000
-1.2082731000  -0.7157542600
3.9965927000  -1.4336164000
3.3918863000  -2.0513349000
2.4447770000  1.4948187000
-0.9274110400  -0.7412157500
3.6429464000  -0.3263100100
3.2275606000  -0.0290506100
-0.1208266600  -1.6428747000
3.3159285000  -0.7509435500
2.1414081000  -0.6666742000
2.8117557000  -1.6663430000
-1.0750581000  -1.1796911000
1.1685988000  0.8338129500
-1.1930780000  -1.0573632000
-1.8407617000  -2.3617639000
3.6710350000  -0.6156337100
0.0596462950  -2.2138952000
3.1761325000  -1.9061942000
2.4515006000  -0.6472609300
5.0380879000  -1.1745625000
-0.5062919100  -1.2545672000
-2.0388765000  -1.7212354000
3.7798134000  -0.7999285500
3.8541890000  -0.2742383900
-1.1700439000  -1.5325870000
2.7895559000  2.8334984000
-0.0485274020  -3.1007245000
-1.8944520000  -2.8902671000
-1.0060556000  -0.8592949800
2.8839539000  -1.5294891000
1.6149852000  1.3349881000
2.4777335000  -1.0958886000
-1.8270996000  -3.0298447000
1.0567343000  2.3255882000
-2.7356089000  -1.5719412000
1.1144975000  1.4122346000
3.3996501000  -1.5990677000
3.7633009000  -1.6819829000
2.9872575000  -0.5233868400
2.7435958000  -1.8595754000
3.9466613000  -1.6271130000
1.6987287000  3.9249671000
3.1925711000  -1.5824126000
-0.6004990800  -2.8376393000
1.9901517000  -1.2727012000
-2.1625408000  -3.0907978000
1.4604625000  3.6519513000
3.4642163000  -0.6545283500
3.0132711000  -0.4085604800
-2.2019948000  -2.9378765000
3.1888037000  -1.3774692000
-1.2013506000  -2.9145188000
-2.2964068000  -2.1909177000
-2.2831342000  -1.7594374000
-0.8549941400  -2.9285806000
-2.2219449000  -2.7504371000
4.6012045000  -1.2581993000
2.0860943000  0.9381382500
3.7955849000  -1.8337803000
-1.1998543000  -0.7425799500
1.4902853000  3.4381060000
1.9607552000  0.9795487400
1.7514888000  1.3018226000
3.5874664000  -0.0381131730
2.1145280000  3.7025851000
4.2878490000  -0.1915224500
4.5569435000  -0.4271082400
1.4484735000  1.2447479000
-0.8137122700  -2.7467095000
4.9162871000  -0.7196494600
-1.5948899000  -1.3234390000
3.9088421000  -0.9167496300
2.8052936000  2.7357185000
3.5773913000  -0.4747511500
-1.7935313000  -1.6144739000
2.9973414000  -0.5650200800
1.7673551000  3.7577925000
-1.6835126000  -0.9808158700
-0.6352615700  -2.4627551000
1.7779535000  0.5972157800
0.0379921770  -2.3147085000
3.3578244000  -0.1814989700
-0.1175834600  -0.9690801800
2.0420559000  -0.8819708600
-1.3767118000  -3.2141327000
-1.5575726000  -1.3850902000
1.3203313000  3.6038165000
2.6795494000  1.3122208000
-2.3224647000  -2.1095093000
3.4930456000  -1.8233708000
-2.4780904000  -2.1418880000
2.8745329000  -1.1061587000
2.7155956000  1.9818957000
3.5302399000  -2.0953307000
0.1469534000  -2.4103194000
3.6552273000  -0.6009787500
1.1030481000  1.1792570000
0.6621712400  -2.3287477000
1.5023400000  2.3977576000
0.8722095100  1.6996615000
-1.4938709000  -1.6007979000
2.4855023000  -1.2361968000
3.7882758000  -1.5775652000
3.7165523000  -0.3170742000
4.6963231000  -1.5044022000
2.8344824000  2.7937887000
0.3353661800  -1.7052782000
1.0716954000  3.4743472000
4.3840605000  -1.0712858000
2.9608589000  1.9813105000
2.3092745000  -1.7697336000
1.3919204000  3.1310776000
1.4050495000  1.5741050000
3.5030080000  -0.3004172800
1.0211771000  3.2978528000
0.9900107000  3.4254265000
-1.9071422000  -1.1445806000
-2.5288357000  -1.3827790000
2.2292789000  -0.6601903300
-1.8739661000  -1.2980755000
3.8166240000  -1.1563269000
2.5427569000  2.8807112000
-1.7192836000  -2.3192364000
2.9682480000  -2.0770078000
0.7374379400  1.7521888000
1.7959629000  3.8534925000
2.9576640000  -1.0710451000
-1.6404520000  -1.6840385000
1.9766308000  -0.9192799000
3.1639498000  -0.4587484500
1.3396392000  3.1605570000
1.5181102000  0.8819900500
1.6504402000  1.5277050000
-0.7508204800  -2.6716384000
-0.5870586400  -2.6938514000
1.3992547000  2.0126716000
1.2301608000  1.8654808000
0.6195782900  -1.8909354000
2.4234614000  -0.8287722800
2.5391925000  3.6364039000
-1.6862226000  -1.1728196000
2.3710368000  -0.5035844900
4.6605314000  -0.5851463400
2.0437296000  1.5109855000
1.3084998000  3.3403534000
-0.6367844300  -1.2045652000
1.7383208000  2.6514127000
-2.7232848000  -1.7948034000
-0.6102394400  -0.7632434500
1.4747219000  3.9050908000
3.4415750000  -0.2552360600
1.5968142000  2.5984594000
-0.6685154900  -1.9368114000
2.7980501000  1.5967990000
-1.3380639000  -1.8111966000
0.8307900400  1.9393034000
2.7135427000  -1.3879273000
2.8778304000  2.6529182000
1.1118509000  2.6610314000
3.8477741000  -1.3963698000
1.7678973000  2.9536402000
2.0288661000  1.9914856000
4.6995810000  -1.1553291000
-0.7049622300  -2.6916693000
4.1166557000  -1.9733905000
3.3383925000  -0.5414089200
4.1858321000  -0.6420288600
1.6761640000  2.2786748000
2.7505519000  -1.5176786000
1.8777955000  3.5258248000
-2.1152544000  -3.0597310000
4.3556865000  -1.8217192000
1.8806920000  1.0482158000
2.6122096000  2.4213668000
2.7752830000  2.9072893000
-0.5853341300  -1.1332349000
2.6442044000  2.0354533000
0.7360871700  1.6582028000
2.8038186000  2.1130725000
1.2560958000  2.9933045000
3.8716113000  -0.0815199460
2.7665804000  -1.7721374000
-1.7025541000  -2.5381376000
0.8864384600  2.5318576000
-0.0884777120  -2.5107717000
3.0232079000  0.0712920200
3.9480011000  -1.0821096000
2.6686931000  -1.2780467000
1.8323246000  1.6457886000
0.1160625300  -2.9296326000
-1.0909000000  -1.0895132000
2.0705141000  3.9384609000
2.3809574000  1.3087436000
-1.3379114000  -2.3160289000
2.6087686000  -0.4815714300
4.2364339000  -1.5723194000
1.1667553000  3.1526270000
-0.8148944900  -2.0174985000
3.0853242000  -1.5980001000
4.2796320000  -0.5068135300
-0.8808605100  -1.2358734000
-1.1615215000  -0.8831369700
-0.9806754000  -1.7799577000
-1.3432883000  -3.0960461000
3.3186608000  0.0603291050
1.9983113000  1.7762475000
1.7187782000  2.5745992000
-0.0078223067  -0.9636981900
4.8466482000  -1.1199158000
4.0107590000  -0.5093741300
2.0304239000  -1.2987518000
1.7817200000  2.5083957000
4.0149995000  -1.0064881000
-0.9806398900  -1.2326634000
3.6893957000  -1.1419410000
2.5360378000  -1.1752335000
4.5698083000  -1.8210913000
2.4082169000  -1.1375515000
-1.2988242000  -1.2868301000
4.1260557000  -1.7248541000
2.1911977000  1.9236041000
0.7871122200  2.4764543000
2.4219919000  3.6617881000
3.4432899000  -1.4330986000
-0.0189576430  -1.9285476000
1.4133740000  2.7467456000
-1.7862788000  -0.8388611400
1.8899883000  2.3542247000
1.0417747000  2.3281801000
1.2251575000  2.9673760000
-1.7989900000  -3.1994970000
1.6802499000  1.8311188000
4.0287140000  -0.6441816500
3.9567741000  -0.8273411900
-0.6096250300  -1.1401092000
1.8473342000  1.8362565000
1.9532036000  2.2999475000
-1.3188606000  -2.1191974000
1.3656540000  1.7628455000
4.7291954000  -0.2521569800
4.3720033000  -1.9804352000
3.9870582000  -0.8719037300
-1.0643069000  -1.0132380000
3.5174070000  -0.5228172400
2.6661433000  1.0832481000
3.7990371000  -1.8499196000
3.5040320000  0.2193185600
1.8620539000  1.2412616000
-0.9366772500  -2.9855684000
4.3033064000  -1.8925676000
-2.5060906000  -1.8772162000
2.6668971000  2.4975068000
-2.3371753000  -2.1534551000
1.4641121000  0.7779428100
0.6937297100  2.4797695000
0.7231175400  2.0987468000
1.8446918000  1.6255694000
-1.1219229000  -2.9105078000
2.3458780000  3.4016957000
0.4376666900  -2.6306971000
2.9397248000  0.0755593450
3.0852850000  -1.3234104000
4.4117177000  -0.4565680100
3.9365210000  -0.2454915800
2.7615536000  -0.7221707000
2.9299329000  -1.3469281000
0.9811325300  1.5816899000
2.4193949000  2.1522993000
4.2848753000  -0.0411707190
0.7112392200  1.9049553000
1.8281886000  3.9372982000
3.6382119000  -0.9712350400
0.1705677000  -1.7946233000
1.1057132000  2.4495533000
0.8178122600  3.2649530000
-1.8790087000  -1.8329630000
4.0732966000  -0.7201592300
1.5007057000  1.6463543000
-0.8528967800  -1.8706846000
-1.7846193000  -1.8119991000
-1.8412074000  -1.2648068000
0.6741097500  2.0627107000
0.2911670100  -2.2309956000
3.1913257000  -0.6091159600
2.9281523000  -1.8814101000
0.0303295740  -2.6723246000
4.0735248000  -1.8416446000
0.7424597000  2.1718294000
-0.1596363000  -2.3411152000
1.5389576000  2.2278067000
-2.0010975000  -1.1205944000
0.3982735300  -1.7284850000
-1.4507685000  -2.8062035000
-0.5660449300  -1.3187611000
2.1681716000  3.2283081000
4.5969941000  -1.7154974000
2.1932995000  3.8574334000
1.0622394000  2.7963283000
-2.0883665000  -1.9362161000
2.6165994000  3.2122010000
3.0267951000  -2.0236219000
4.6890320000  -0.4581962300
2.1820144000  2.9241844000
2.4631396000  -1.4361795000
4.1512880000  -0.8660581800
1.1332505000  3.2193265000
-2.1729682000  -2.6961346000
-2.3421545000  -1.9231762000
4.2879280000  -0.9341145100
0.2403279200  -2.2224073000
1.2578347000  3.5859890000
-1.3795364000  -1.2373285000
-0.7466357000  -2.5690911000
1.5778103000  1.7338620000
-0.4213992600  -1.1647696000
-0.2659988900  -2.6026452000
3.5104803000  -0.6327714200
1.0670746000  2.4757940000
2.1787561000  3.8380075000
1.2576068000  2.5325603000
3.7705301000  -1.7347745000
1.7031726000  3.8344824000
-1.3598746000  -0.9051788700
2.0068475000  3.2512986000
-0.4225023900  -0.8764052800
1.7463865000  2.9248848000
-1.8888960000  -0.9909811300
-0.5137200900  -3.0377464000
2.5227842000  2.7890222000
0.6722849300  1.6942436000
2.7278198000  -0.8558606200
0.1293027900  -2.2595130000
-0.1207044500  -2.7445352000
3.9880824000  -1.6436541000
-2.1132343000  -1.7313761000
2.9337381000  -1.6641652000
2.6514678000  3.3087859000
0.3638583500  -2.0465138000
2.2045056000  -0.7763022500
-1.1126038000  -2.6901594000
1.6328498000  2.8035492000
2.3491525000  -0.7622699000
1.7490160000  3.6686672000
1.2711436000  1.1518750000
2.4066703000  -0.1812892900
3.6814249000  -1.8328786000
4.2611753000  -1.7911836000
2.4462905000  -0.3397205700
1.1750034000  0.8338031600
1.3419471000  1.8427768000
